> Border Bin # 225, Level 1
99.0623331044	20
99.0804913405	20.1002517739
99.3255512322	20.0660715648
99.5385671778	20.1493858244
99.4544899672	20.3883421073
99.6736095216	20.310826276
99.9591058213	20.4553292134
100	20.421606775
> Border Bin # 225, Level 1
97.1349660487	28.3813229572
97.3594262608	28.2038605325
97.3678187228	27.8966964218
97.2494087129	27.9075303273
97.1586175326	27.1206225681
97.0603494316	27.0928511482
> Border Bin # 225, Level 1
97.3479819944	28.2233920806
97.4688334478	28.296177615
97.631342031	28.4841687648
97.8011749447	28.3457694362
97.8988326848	28.3813229572
98.0189211872	28.2783245594
98.1522850385	28.1374837873
98.1307698177	27.9691767758
98.3163195239	27.5419241627
98.4086366064	27.557488365
98.4324406806	27.6894789044
98.704509041	27.5825131609
98.7780575265	26.7849240864
98.6652933547	26.2542153048
98.7306019684	26.1771572442
98.6643778134	26.098268101
98.648813611	26.1516746777
98.5680933852	26.1229877165
98.7107652399	25.8554970626
98.6318760967	25.8011749447
98.5308613718	25.8455786984
98.3266956588	25.5516899367
98.1652552071	25.6227969787
98.1385519188	25.3868925002
97.940794995	25.2141603723
97.8374914168	25.2622262913
97.7230487526	25.0824750134
97.8002594034	24.8514534218
97.5524528878	24.7431143664
97.5304798962	24.4414435035
97.6725413901	24.4370183871
97.7494468605	24.1635767147
97.5355153735	23.9397268635
97.6499580377	23.8516823072
98.0643930724	24.0891126879
98.4455634394	24.1361104753
98.5958648051	24.0781261921
98.8902113375	24.1608300908
98.8932631418	24.0988784619
98.6771953918	23.9681086442
98.6886396582	23.8013275349
98.8155947204	23.7671473259
98.8857862211	23.6133363851
98.8061341268	23.5416189822
98.9402609293	23.3136491951
98.8813611048	23.1880674449
99.1111619745	23.1020065614
99.5039291981	23.0896467536
99.5663385977	22.9381246662
99.4454871443	22.9497215229
99.3279926757	22.7447928588
99.3844510567	22.503852903
99.1627374685	22.1591515984
99.9655146105	22.0486762799
> Border Bin # 225, Level 1
99.9681086442	22.050202182
99.9732967117	21.7338826581
100	21.7232013428
> Border Bin # 226, Level 1
101.148088808	21.5713740749
101.216449226	21.5455863279
101.28191043	21.1802853437
101.568627451	21.2474250401
101.784695201	21.1427481498
101.851071946	21.2491035325
101.739223316	21.316395819
101.748378729	21.4782940414
101.8330663	21.6214236667
101.538567178	22.2400244144
101.628595407	22.2841229877
101.691462577	22.4722667277
101.787747005	22.4980544747
101.879148547	22.3822384985
102.027008469	22.455024033
102.25055314	22.4130617227
102.484168765	22.7739375906
102.857709621	22.6044098573
103.046921492	22.4350347143
103.336385138	22.7963683528
103.527428092	22.5836575875
103.652704662	22.7841611353
103.96520943	22.4988174258
104.109102007	22.7983520256
104.266117342	22.8294804303
104.261997406	22.7377737087
104.370031281	22.6858930343
104.583657588	22.8447394522
104.73136492	22.8166628519
104.861066606	22.936598764
104.825055314	23.1061264973
105.24055848	23.2605477989
105.325856413	23.3777370871
105.574120699	23.0603494316
105.724422065	23.0479896239
105.872434577	22.9103532464
106.134737163	22.9886320287
106.281681544	22.8593881132
106.520332647	22.935225452
106.821393149	22.8003356985
106.712443732	22.5867093919
106.605325399	22.6044098573
106.554207675	22.4541084916
106.695811398	22.2224765393
106.68284123	21.9691767758
106.755321584	22.0152590219
107.029221027	21.9366750591
107.020218204	21.8225375753
107.220874342	21.7084000916
107.301441978	21.7311360342
107.377431907	21.5980773632
107.453879606	21.6580453193
107.535820554	21.5863279164
107.785610742	21.6672007324
> Border Bin # 226, Level 1
100	20.421606775
100.091706722	20.3460746166
> Border Bin # 226, Level 1
102.13916228	22.3974975204
102.607766842	21.9255359731
102.676737621	21.6559090562
102.812848096	21.7257953765
102.821393149	21.8466468299
102.866712444	21.7111467155
102.976119631	21.739375906
103.000228885	21.5805294881
102.822766461	21.2571908141
102.918898299	21.2324711986
103.17051957	20.846723125
103.389181353	20.7838559548
103.455558099	20.8261234455
103.69359884	20.6572060731
103.805905241	20.8477912566
104.109102007	20.9771877623
104.645304036	20.6581216144
104.551155871	20.516365301
104.470893416	20.537270161
104.381933318	20.4446478981
104.621652552	20.4138246738
104.71107042	20.3375295644
104.68284123	20.2172884718
104.943617914	20.1814297704
104.978866255	20.0050354772
104.970626383	20
> Border Bin # 226, Level 1
100.579995422	20.1553368429
100.511329824	20
> Border Bin # 226, Level 1
100.893568322	21.6827649348
101.122453651	21.77004654
101.161669337	21.5304798962
100.843671321	21.3061722744
100.722514687	21.3072404059
100.520027466	20.9494163424
100.525520714	20.8711375601
100.647287709	20.8705271992
100.253910124	20.7455558099
100.091401541	20.3486686503
100.159761959	20.2349889372
100.256046387	20.3852903029
100.332799268	20.3886472877
100.454413672	20.1908903639
100.581063554	20.1577782864
> Border Bin # 226, Level 1
100	21.7232013428
100.171969177	21.6539253834
100.116426337	21.5260547799
100.212710765	21.4328221561
> Border Bin # 226, Level 1
100.890058747	21.6852063783
100.666361486	21.4795147631
100.484779126	21.4583047227
100.378881514	21.5388723583
100.215609979	21.4346532387
> Border Bin # 226, Level 1
107.782711528	21.6672007324
108.1185626	21.44914930957619
> Border Bin # 261, Level 1
98.264133669	14.8068970779
98.1844815747	15.0991073472
98.2038605325	15.2249942779
98.3102159152	15.30312047
98.4136720836	15.259937438
98.4258793011	15.3635461967
98.5799954223	15.3530174716
98.5725185016	16.0517280842
98.8528267338	16.1341268025
98.9280537118	16.3859006638
98.8607614252	16.4753185321
98.6897077897	16.285038529
98.6602578775	16.4649423972
98.4777599756	16.7350270848
98.5499351492	16.8546578164
98.4882887007	16.9819180591
98.3425650416	17.0485999847
98.014648661	17.5063706416
97.7782864118	17.7033646143
97.6867322805	17.8644998856
97.751888304	17.9722285801
97.6430914778	18.2902265965
97.5635919738	18.3277637903
97.5013351644	18.2758831159
97.3455405509	18.5569542992
97.5269703212	18.489204242
97.7747768368	18.5699244678
97.747768368	18.865491722
97.6772716869	18.9341573205
97.8364232853	19.1010910201
97.7924773022	19.4019989319
97.8699931334	19.570763714
98.0349431601	19.6438544289
98.0500495918	19.8074311437
98.2600137331	19.6725413901
98.561684596	19.675288014
98.836957351	19.8164339666
98.913557641	19.7463950561
99.0322728313	19.8333714809
99.0623331044	20
> Border Bin # 262, Level 1
103.089951934	18.1371786069
103.281147478	18.2841229877
103.236896315	18.3572137026
103.305256733	18.4211490043
103.507743954	18.421606775
103.872434577	18.2793926909
103.972533761	18.3294422827
104.275883116	17.8519874876
104.789501793	17.41466392
104.748302434	16.5255207141
105.076676585	16.0975051499
105.42168307	16.0119020371
105.345540551	15.9299610895
105.401083391	15.8072785534
105.638361181	15.6560616464
105.600061036	15.4331273365
105.474784466	15.3607995727
105.58861677	15.3353170062
105.469138628	15.1132982376
105.620202945	14.9849698634
105.513084611	14.8094911116
105.535820554	14.5633630884
> Border Bin # 262, Level 1
104.970626383	20
104.787823301	19.8899824521
104.83634699	19.7914091707
104.713359274	19.7463950561
104.640268559	19.6119630732
104.516060121	19.6061646448
104.413672084	19.6932936599
104.040588998	19.6945143816
> Border Bin # 262, Level 1
104.039368276	19.6925307088
104.121614405	19.4938582437
103.879453727	19.2936598764
104.171053635	19.1931029221
104.741435874	18.7972838941
105.138933394	18.7028305486
105.195239185	18.6172274357
105.103837644	18.4478522927
105.18501564	18.3183031968
105.39360647	18.1499961852
105.499656672	18.1800564584
105.753871977	17.6699473564
106.211642634	17.2616159304
106.311894408	17.290608072
106.441901274	16.9892423896
106.561074235	16.9968719005
106.586709392	16.6271458
> Border Bin # 262, Level 1
100.511329824	20
100.40451667	19.7579919127
100.489662013	19.5378042267
100.775310903	19.4843976501
100.903639277	19.6235599298
101.281147478	19.5622186618
101.201647974	19.3572899977
101.258258946	19.1284046693
101.354390784	19.0386816205
101.252002747	18.8897535668
101.267566949	18.6805523766
101.056076905	18.4361028458
101.181658656	18.3308155947
101.190508888	18.0541695277
101.022201877	17.8930342565
100.910048066	17.5927367056
101.155565728	17.4602883955
101.230029755	17.5274280919
> Border Bin # 262, Level 1
106.588845655	16.6286717021
106.670023651	16.5844205386
106.701915007	16.4397650111
106.78034638	16.4306095979
106.875257496	16.5389486534
106.98924239	16.2977035172
107.132982376	16.273899443
107.334096284	16.0569161517
107.464713512	16.0785839628
107.398336767	15.9139391165
107.203936828	15.8600747692
107.174792096	15.7877470054
107.399404898	15.4955367361
107.510337987	15.493400473
107.695277333	15.2707713436
107.615014878	15.0621805142
107.467765316	15.0249485008
107.58892195	14.8914320592
107.513542382	14.8035400931
107.545891508	14.7052719921
> Border Bin # 262, Level 1
101.228046082	17.530327306
101.408407721	17.7308308537
101.584496834	17.7877470054
101.579461357	17.8635843442
101.727016098	17.9092088197
101.779964904	18.0633249409
101.907225147	18.034180209
102.086060883	18.2142366674
102.421911955	17.9821469444
102.598916609	17.9539177539
102.590066377	17.8416113527
102.670023651	17.8016327153
102.858625162	17.9746700237
103.03837644	17.9884031434
103.090562295	18.1391622797
