> -L"L1tr_DGXuyencap2"
107.137888	20.949464
106.064702	20.218156
> -L"L1tr_DGXuyencap2"
109.772883	14.444847
109.762519	15.024004
109.761673	15.165526
109.761155	15.200903
109.746171	15.385915
109.734731	15.580399
109.726291	15.706122
109.714643	15.813106
> -L"L1tr_DGXuyencap2"
108.216972	22.824799
108.504615	22.567242
108.765641	22.357363
> -L"L1tr_DGXuyencap2"
106.383678	21.240672
106.333144	21.240529
106.283642	21.240388
106.233111	21.24123
> -L"L1tr_DGXuyencap2"
109.507268	13.253212
109.333616	13.121201
109.254265	13.057366
> -L"L1tr_DGXuyencap2"
106.857935	11.309177
106.849899	11.303522
106.775683	11.251881
106.671051	11.179115
106.595629	11.131037
106.516338	11.081141
> -L"L1tr_DGXuyencap2"
106.840843	9.819187
106.801864	9.790466
106.581302	9.641028
105.816296	9.12502
> -L"L1tr_DGXuyencap2"
105.932642	20.057958
106.236088	19.910371
> -L"L1tr_DGXuyencap2"
105.596838	19.286976
105.687182	19.26885
106.605393	18.7007
> -L"L1tr_DGXuyencap2"
102.976485	19.697634
102.985349	19.507205
102.997169	19.291298
103.003078	19.153752
103.017853	18.999226
> -L"L1tr_DGXuyencap2"
106.873424	17.058925
106.913907	17.056029
107.033786	17.031408
107.119071	16.998367
107.171284	16.97339
> -L"L1tr_DGXuyencap2"
101.837629	22.658825
101.844498	22.653826
101.962918	22.581938
102.109452	22.483736
102.203239	22.409573
102.261344	22.368847
102.351797	22.298782
102.398375	22.25687
102.444312	22.214959
102.495359	22.174838
102.519308	22.152087
102.57027	22.120339
102.612325	22.08202
102.677668	22.022745
102.700304	22.002986
> -L"L1tr_DGXuyencap2"
102.825827	21.88803
102.838532	21.835982
102.842861	21.788129
102.839455	21.681069
102.830334	21.632032
102.824195	21.605123
102.800106	21.51483
102.769539	21.450096
> -L"L1tr_DGXuyencap2"
102.773448	22.404857
102.793873	22.399366
102.818623	22.393918
102.854108	22.388627
102.882332	22.386806
102.972714	22.387319
103.043169	22.393234
103.114754	22.405544
> -L"L1tr_DGXuyencap2"
102.969908	20.215786
102.948435	20.136258
102.906905	20.005349
102.84844	19.858109
102.78114	19.743652
102.679604	19.637483
102.544051	19.515032
102.417186	19.376177
102.290394	19.229134
102.155208	19.065735
102.000976	18.845263
> -L"L1tr_DGXuyencap2"
102.512006	14.16624
103.224469	13.574698
103.781496	13.184266
104.488005	12.494346
105.211156	11.853514
105.557748	11.651308
105.837077	11.455792
> -L"L1tr_DGXuyencap2"
101.976453	14.511427
102.161325	14.365885
102.297941	14.246823
102.442984	14.134745
> -L"L1tr_DGXuyencap2"
108.121068	16.116399
108.20841	16.110153
108.368608	16.094761
108.555917	16.095945
108.738109	16.104759
> -L"L1tr_DGXuyencap2"
104.898498	18.618214
104.959899	18.607705
105.030073	18.596032
105.11529	18.5832
105.187988	18.575056
105.26294	18.560446
105.32574	18.528085
> -L"L1tr_DGXuyencap2"
105.348012	18.51476
105.416026	18.462823
105.459631	18.42654
105.497324	18.3931
105.55719	18.339027
105.607276	18.297754
105.66198	18.250165
105.696879	18.212383
> -L"L1tr_DGXuyencap2"
107.57976	17.107909
107.222629	17.285091
107.043761	17.378031
106.929937	17.43999
106.828564	17.489261
106.693091	17.558773
106.591311	17.6189
106.50973	17.667569
> -L"L1tr_DGXuyencap2"
105.974986	17.387026
106.043901	17.343402
106.137932	17.284927
106.195516	17.246319
106.276635	17.201069
106.356332	17.167823
> -L"L1tr_DGXuyencap2"
106.767025	17.079202
106.812005	17.075581
106.869691	17.062546
> -L"L1tr_DGXuyencap2"
104.198823	20.449738
104.155432	20.461843
104.103136	20.482392
104.038101	20.511389
103.970562	20.55123
103.914512	20.588646
103.85468	20.636907
103.806338	20.682744
103.744097	20.731039
> -L"L1tr_DGXuyencap2"
104.39314	20.409858
104.499854	20.387674
104.546787	20.383503
104.592484	20.383935
104.637549	20.390119
104.68321	20.399752
104.741045	20.412796
104.849865	20.431918
> -L"L1tr_DGXuyencap2"
102.999537	21.352793
103.052705	21.200632
103.062451	21.179282
103.080787	21.149398
103.118238	21.108843
103.146567	21.086173
103.177439	21.064692
103.189491	21.054049
> -L"L1tr_DGXuyencap2"
109.19339	13.016
109.132238	13.001632
109.071086	13.010252
109.018668	13.016
108.956876	13.030516
108.896364	13.044732
108.809002	13.07634
108.695434	13.15392
108.478825	13.359903
108.425914	13.426132
108.360406	13.499719
108.29212	13.577805
108.241539	13.630771
108.186912	13.703353
108.114075	13.799476
108.057425	13.872059
108.031123	13.923063
107.956263	14.025071
107.911752	14.097653
107.867241	14.183968
107.836892	14.272244
107.81059	14.370328
107.792381	14.435064
107.727638	14.55865
107.675265	14.677927
> -L"L1tr_DGXuyencap2"
107.743522	15.475901
107.743718	15.463679
107.743162	15.449063
107.742854	15.434445
107.742069	15.424143
107.741757	15.408568
107.74168	15.390116
107.741614	15.3743
107.74107	15.362559
107.738049	15.350108
107.736512	15.337412
107.733436	15.31178
107.732632	15.297164
107.73256	15.279671
107.732752	15.26649
107.732698	15.25355
107.732883	15.238452
107.734055	15.222871
107.735223	15.206333
107.736841	15.179008
107.736775	15.163192
107.736721	15.150252
107.737185	15.142822
107.73838	15.132753
107.738572	15.119332
107.739016	15.108585
> -L"L1tr_DGXuyencap2"
107.249251	11.619122
107.129924	11.515689
107.066654	11.458852
> -L"L1tr_DGXuyencap2"
107.306039	10.147441
107.483253	10.259204
107.879462	10.505716
107.967604	10.58489
108.028787	10.632835
108.16578	10.72624
108.381043	10.869917
108.503351	10.951332
108.630566	11.03996
108.770028	11.14059
108.990161	11.28183
109.114965	11.377708
109.300762	11.568299
109.451753	11.739169
109.519424	11.88154
> -L"L1tr_DGXuyencap2"
107.359555	14.524659
107.043524	14.779681
106.948764	14.859158
106.834042	14.956177
106.769163	15.013484
106.70059	15.070751
106.603419	15.146653
106.556143	15.179292
106.473956	15.24115
106.41917	15.281994
106.251102	15.405671
106.180049	15.464096
105.998072	15.612479
105.917065	15.6779
105.710166	15.84614
105.624147	15.917425
105.540676	15.98282
105.456027	16.044652
105.37266	16.102947
105.309203	16.14725
105.270616	16.175247
> -L"L1tr_DGXuyencap2"
108.497715	16.283822
108.141869	16.343397
107.922246	16.365369
107.79471	16.407912
107.720167	16.426295
107.637104	16.448763
107.577469	16.461018
107.524224	16.473273
107.45607	16.481443
107.407084	16.485529
107.383656	16.489614
107.324021	16.503911
107.247348	16.520252
107.168545	16.522294
107.139793	16.521375
107.114235	16.524437
107.024783	16.548932
106.969408	16.570365
106.905513	16.598942
106.869578	16.616563
106.787219	16.651956
> -L"L1tr_DGXuyencap2"
102.997961	21.504911
102.996625	21.356883
102.995359	21.248567
102.992472	21.001465
> -L"L1tr_DGXuyencap2"
104.030909	22.027448
104.067965	21.991879
104.10616	21.96365
104.136708	21.939599
104.157526	21.926257
104.220137	21.883732
104.29379	21.826842
104.305425	21.817261
104.347994	21.791502
104.40478	21.754366
104.458386	21.71484
104.507552	21.670533
104.642739	21.550783
104.707508	21.511667
104.76127	21.46416
104.823826	21.39271
104.888027	21.31968
104.942869	21.269241
105.048951	21.189487
105.153995	21.105787
105.280636	20.987596
> -L"L1tr_DGXuyencap2"
103.240429	22.665192
103.293938	22.635236
103.332013	22.61008
103.383738	22.566369
103.444473	22.519061
103.498133	22.474152
103.550662	22.414291
103.608313	22.355023
103.660624	22.316695
103.721607	22.244863
103.745634	22.214337
103.806598	22.1443
103.898013	22.042535
103.912357	22.025268
103.920136	22.013605
> -L"L1tr_DGXuyencap2"
106.251071	21.137387
106.315188	21.124546
106.368988	21.117741
106.43035	21.118387
106.472609	21.113917
106.599259	21.109107
106.69132	21.108847
106.763	21.103458
106.815557	21.094182
106.942129	21.07408
107.009079	21.063045
107.095262	21.049011
107.171906	21.04889
107.240348	21.062151
107.300445	21.065876
107.352303	21.077252
> -L"L1tr_DGXuyencap2"
105.433429	21.647992
105.47568	21.65527
105.537136	21.663586
105.604434	21.664719
105.648684	21.662883
105.684589	21.662252
105.72053	21.658031
105.746825	21.65681
105.787278	21.650193
105.827119	21.640586
105.910679	21.618377
105.940233	21.61177
105.994879	21.596168
106.045685	21.579971
106.077266	21.563194
106.131373	21.537425
106.188075	21.508662
106.20805	21.498475
> -L"L1tr_DGXuyencap2"
106.216317	21.491274
106.274091	21.497217
106.324026	21.503749
106.398896	21.516838
106.462112	21.541301
106.515586	21.578334
106.551213	21.605216
106.57088	21.625534
106.603241	21.6584
106.653486	21.697828
106.702968	21.74922
106.796877	21.84483
> -L"L1tr_DGXuyencap2"
106.963686	21.688648
106.988091	21.655523
107.006691	21.636771
107.018311	21.620206
107.029937	21.609178
107.0404	21.600359
107.052026	21.589331
107.062488	21.579407
107.075275	21.565061
107.095039	21.547421
107.107827	21.536397
107.126426	21.516537
107.133402	21.512136
107.141536	21.498879
107.150834	21.486734
107.162457	21.473491
107.176407	21.460258
107.193848	21.445931
107.203149	21.439322
107.219424	21.422776
107.241517	21.407359
107.264773	21.391947
107.29036	21.380972
107.318272	21.367793
107.348512	21.355729
107.362469	21.350247
107.386887	21.333732
107.397351	21.323806
107.417117	21.309488
107.442702	21.295191
107.465955	21.276457
107.485719	21.258817
107.532221	21.215812
107.546589	21.198155
> -L"L1tr_DGXuyencap2"
106.24654	22.541981
106.210361	22.620517
106.185886	22.655858
106.153826	22.694802
106.126296	22.736358
106.088316	22.779619
106.055741	22.81868
106.014371	22.891252
105.978979	22.970818
105.896387	23.153678
105.852151	23.254183
105.778195	23.363022
105.730842	23.427203
105.707313	23.49701
105.684777	23.55174
> -L"L1tr_DGXuyencap2"
104.49988	23.273166
104.617355	23.177436
104.692266	23.0974
104.784203	22.990685
104.83798	22.946311
> -L"L1tr_DGXuyencap2"
104.052797	23.546045
104.055278	23.543321
104.117726	23.488352
104.160948	23.451806
104.218714	23.401831
104.282902	23.346985
104.356121	23.290947
104.403655	23.255624
104.467532	23.229224
> -L"L1tr_DGXuyencap2"
106.651399	21.995759
106.768423	22.069226
106.940733	22.153937
107.162122	22.23857
107.371135	22.306226
107.512593	22.362658
107.691073	22.453024
107.814234	22.526481
108.005232	22.656487
> -L"L1tr_DGXuyencap2"
109.705796	23.47816
109.620673	23.404463
109.54879	23.347238
109.408334	23.264319
109.2991	23.201419
109.099397	23.092792
108.992053	23.021111
> -L"L1tr_DGXuyencap2"
108.68841	18.290385
108.718716	18.322612
108.735561	18.341479
108.759141	18.367421
108.776796	18.38392
108.796148	18.403568
108.815492	18.422426
108.840682	18.442842
108.861684	18.460908
108.893608	18.488398
108.921335	18.512748
108.944844	18.531592
108.967495	18.548074
108.991844	18.567704
109.015377	18.588915
109.039733	18.609334
109.058214	18.625042
109.107768	18.666665
109.144673	18.692561
109.180767	18.720825
109.213476	18.743581
109.243695	18.767134
109.27055	18.787545
109.295739	18.807961
109.325926	18.82836
109.366233	18.86134
109.398046	18.877791
109.43238	18.896599
109.461679	18.911481
109.491865	18.93188
109.516183	18.948355
109.53885	18.966415
109.565753	18.991556
109.576682	19.00177
109.6018	19.01509
109.642774	19.031508
109.666179	19.040103
109.723071	19.06593
109.75321	19.081597
109.791677	19.097236
109.830135	19.112087
109.856896	19.123035
109.884465	19.131614
109.912899	19.143345
109.94468	19.156641
109.980625	19.169924
110.012358	19.178489
110.036604	19.187868
110.069202	19.199584
110.105995	19.21444
110.145295	19.230077
110.187911	19.244125
110.222999	19.255044
110.251409	19.264409
110.271459	19.270649
110.286513	19.276906
110.309101	19.28708
110.348194	19.31343
111.108942	19.679205
111.554154	19.913806
111.946988	20.037276
112.287443	20.185446
112.588609	20.197791
113.033821	20.395348
113.479025	20.48178
114.238515	20.6176
115.037263	20.716377
115.276858	20.724214
> -L"L1tr_DGXuyencap2"
111.975062	16.262271
111.993137	16.251776
112.006333	16.23775
112.030088	16.222547
112.043373	16.213085
112.06045	16.200788
112.080342	16.184769
112.100233	16.16875
112.119144	16.151841
112.152374	16.129098
112.176022	16.108419
112.198709	16.087764
112.222375	16.067998
112.244118	16.04828
112.268728	16.027577
112.293338	16.006874
112.311395	15.995466
112.33401	15.97116
112.357605	15.947743
112.380292	15.927088
112.401091	15.908307
112.418187	15.896923
112.43717	15.883666
112.453286	15.871393
112.474228	15.859914
112.499889	15.843751
112.517893	15.829605
112.542574	15.812553
112.556767	15.800328
112.573791	15.785293
112.596495	15.765551
112.609691	15.751525
112.624809	15.737451
112.642759	15.720566
112.655954	15.70654
112.666282	15.693498
112.687224	15.682019
112.715717	15.663046
112.734664	15.647963
112.766896	15.623418
112.803919	15.59784
112.822902	15.584583
112.838074	15.573247
112.855151	15.560951
112.876058	15.547646
112.895059	15.535301
112.913116	15.523893
112.932153	15.513375
112.955001	15.500934
112.990135	15.47723
113.004417	15.469569
113.033782	15.446008
113.077501	15.418438
113.105975	15.398552
113.138225	15.37492
> -L"L1tr_DGXuyencap2"
114.006516	14.71712
113.67007	14.970836
113.406766	15.183771
113.284338	15.269919
113.144147	15.380958
> -L"L1tr_DGXuyencap2"
110.351167	14.138271
110.41856	14.102907
110.557305	14.01594
110.587347	13.99415
110.722361	13.908306
110.807295	13.859166
110.917234	13.794001
111.030869	13.730036
111.160791	13.653445
111.19202	13.635157
111.247067	13.59734
111.362116	13.52176
111.424696	13.477042
111.51596	13.418662
111.593623	13.35898
111.690014	13.289023
111.859151	13.157006
111.950659	13.082346
112.169804	12.918277
112.373867	12.769173
112.387914	12.758871
> -L"L1tr_DGXuyencap2"
111.321957	11.040186
111.204862	11.07887
111.162278	11.093544
111.092724	11.131201
110.97063	11.202041
110.886398	11.250013
110.819266	11.287696
110.75099	11.320713
110.658491	11.354639
110.603547	11.386633
110.505865	11.44377
110.435015	11.48723
110.404466	11.506685
110.308762	11.594089
110.231554	11.658421
110.172774	11.704335
110.116399	11.751437
110.083361	11.775519
110.04514	11.822812
109.982338	11.895439
109.80783	12.05344
> -L"L1tr_DGXuyencap2"
104.236649	10.691314
104.268457	10.609738
104.291785	10.507244
104.306845	10.416683
104.346319	10.013089
104.356187	9.672708
104.370989	9.400403
104.425265	8.972496
104.459805	8.666153
104.464739	8.500826
104.465789	8.438015
> -L"L1tr_DGXuyencap2"
105.449766	6.46798
105.464591	6.454623
> -L"L1tr_DGXuyencap2"
103.191558	22.555978
103.214198	22.533033
103.220735	22.520467
103.21918	22.483983
103.226944	22.413398
103.234443	22.36913
103.237876	22.282998
> -L"L1tr_DGXuyencap2"
109.815291	14.460339
109.99543	14.305453
110.046062	14.28241
110.114003	14.250119
110.210344	14.205159
110.310347	14.161417
110.341251	14.145239
> -L"L1tr_DGXuyencap2"
102.320928	21.091862
102.44192	21.204172
102.577267	21.318386
102.706462	21.40595
102.772085	21.449732
> -L"L1tr_DGXuyencap2"
112.774726	6.941865
112.735195	7.000136
112.449891	7.416904
112.269393	7.671594
112.135475	7.827882
> -L"L1tr_DGXuyencap2"
112.697093	8.603625
112.607365	8.544615
112.477418	8.472638
112.259722	8.342701
112.088187	8.227958
111.976942	8.141716
111.924898	8.097282
111.846261	8.017507
> -L"L1tr_DGXuyencap2"
112.994253	8.784174
113.0789	8.808765
113.149168	8.837985
113.222691	8.872338
113.288334	8.910232
113.43593	9.001696
113.506309	9.042511
113.880671	9.34786
114.109948	9.539961
> -L"L1tr_DGXuyencap2"
114.14842	9.511867
114.288701	9.637696
114.440672	9.769244
114.598489	9.917951
> -L"L1tr_DGXuyencap2"
114.6145	9.917272
114.76456	10.088488
> -L"L1tr_DGXuyencap2"
111.602442	8.792629
111.207662	8.370061
111.064981	8.144148
110.963038	7.879238
110.871285	7.623653
110.759167	7.40664
110.616494	7.209338
110.433077	7.031959
110.383067	6.974429
> -L"L1tr_DGXuyencap2"
113.768156	18.05029
114.228564	17.488072
114.490815	17.161769
114.593742	17.019292
114.670039	16.910032
114.765287	16.78183
114.858133	16.647621
115.018435	16.424011
> -L"L1tr_DGXuyencap2"
108.73329	10.00764
108.692341	9.893251
108.626397	9.646689
108.585314	9.493084
108.541096	9.412863
108.468296	9.295057
108.380934	9.208857
108.255716	9.088178
107.990713	8.916372
107.729085	8.710405
107.419896	8.427934
107.193946	8.198427
107.027457	8.010114
106.903967	7.790803
> -L"L1tr_DGXuyencap2"
103.793656	9.582926
103.841433	9.338961
103.869147	9.127701
103.885694	9.005802
103.887356	8.942033
103.90002	8.866568
103.907408	8.788314
103.915682	8.727365
103.919637	8.704515
> -L"L1tr_DGXuyencap2"
104.800783	19.565894
104.842546	19.523773
104.880431	19.504015
104.936837	19.47962
104.982325	19.462232
105.018971	19.452622
105.101016	19.426672
105.205985	19.393217
105.270816	19.366278
105.317181	19.355425
105.368989	19.338625
105.433436	19.323599
105.468188	19.315783
105.499148	19.309168
105.535164	19.301947
105.586343	19.290524
> -L"L1tr_DGXuyencap2"
105.0734	20.760834
105.153858	20.748615
105.223201	20.746603
105.261687	20.741297
105.303831	20.737708
105.365513	20.734058
105.465048	20.730866
> -L"L1tr_DGXuyencap2"
105.027849	20.475589
105.048748	20.425797
105.058875	20.392808
105.073442	20.360412
105.095615	20.317812
105.130469	20.269199
105.174204	20.219373
105.213507	20.182744
105.226814	20.163539
105.240757	20.145533
105.259127	20.108335
> -L"L1tr_DGXuyencap2"
106.219039	21.489493
106.24488	21.469731
> -L"L1tr_DGXuyencap2"
103.12542	23.469975
103.143319	23.470657
> -L"L1tr_DGXuyencap2"
103.119425	23.312981
103.136355	23.313773
> -L"L1tr_DGXuyencap2"
105.187085	23.133473
105.185767	23.112561
105.208641	23.117631
> -L"L1tr_DGXuyencap2"
107.481744	23.406984
107.442468	23.444156
107.461096	23.440519
> -L"L1tr_DGXuyencap2"
106.314008	22.608838
106.331554	22.575788
106.331422	22.589302
> -L"L1tr_DGXuyencap2"
106.308199	22.572308
106.283616	22.608514
106.283786	22.594944
> -L"L1tr_DGXuyencap2"
105.313825	22.541949
105.356576	22.502156
105.353707	22.522036
> -L"L1tr_DGXuyencap2"
103.020343	22.166338
103.067604	22.138894
103.055168	22.157873
> -L"L1tr_DGXuyencap2"
102.794294	21.931272
102.785224	21.90573
102.813827	21.908236
> -L"L1tr_DGXuyencap2"
106.803225	21.195877
106.856432	21.180559
106.848672	21.193449
> -L"L1tr_DGXuyencap2"
107.531223	21.197089
107.499273	21.169284
107.504267	21.185763
> -L"L1tr_DGXuyencap2"
107.751021	21.589438
107.69995	21.558423
107.705459	21.575181
> -L"L1tr_DGXuyencap2"
108.246832	21.621583
108.20769	21.575603
108.210589	21.598083
> -L"L1tr_DGXuyencap2"
102.988953	20.910632
102.973104	20.911108
102.972081	20.884468
102.988503	20.883992
> -L"L1tr_DGXuyencap2"
102.979178	20.600488
102.9593	20.600936
102.958789	20.571441
102.977194	20.57049
> -L"L1tr_DGXuyencap2"
102.97157	20.297381
102.953676	20.296901
102.953594	20.268656
102.970547	20.269088
> -L"L1tr_DGXuyencap2"
104.643614	19.175043
104.703623	19.153117
104.693831	19.170773
> -L"L1tr_DGXuyencap2"
104.681011	19.13176
104.630507	19.151796
104.638748	19.135663
> -L"L1tr_DGXuyencap2"
106.077719	18.194466
106.124061	18.166834
106.1165	18.189084
> -L"L1tr_DGXuyencap2"
105.852717	18.034812
105.900169	17.996063
105.896411	18.013496
> -L"L1tr_DGXuyencap2"
104.30509	18.987079
104.2905	18.972307
> -L"L1tr_DGXuyencap2"
104.605809	18.770333
104.599321	18.758324
> -L"L1tr_DGXuyencap2"
104.753132	18.696205
104.773721	18.682702
104.770977	18.699148
> -L"L1tr_DGXuyencap2"
104.731878	18.710144
104.740515	18.70448
> -L"L1tr_DGXuyencap2"
104.940118	18.042834
104.950297	18.062553
> -L"L1tr_DGXuyencap2"
104.629185	18.24284
104.649774	18.229337
104.64703	18.245783
> -L"L1tr_DGXuyencap2"
104.607931	18.256779
104.616568	18.251115
> -L"L1tr_DGXuyencap2"
104.543253	18.280512
104.555618	18.298273
> -L"L1tr_DGXuyencap2"
104.221837	18.619786
104.234941	18.639192
> -L"L1tr_DGXuyencap2"
103.864206	18.825063
103.871867	18.836435
> -L"L1tr_DGXuyencap2"
105.37169	17.716003
105.386089	17.737219
> -L"L1tr_DGXuyencap2"
105.939051	17.433315
105.923493	17.412544
> -L"L1tr_DGXuyencap2"
107.719903	15.243313
107.719697	15.283832
107.711268	15.269056
> -L"L1tr_DGXuyencap2"
107.745023	15.280802
107.74521	15.241465
107.752873	15.255809
> -L"L1tr_DGXuyencap2"
108.424891	12.413034
108.385029	12.382665
108.387738	12.397632
> -L"L1tr_DGXuyencap2"
107.197567	10.083261
107.200135	10.10941
107.224336	10.099576
> -L"L1tr_DGXuyencap2"
106.85834	9.850705
106.858022	9.872676
106.879865	9.864983
> -L"L1tr_DGXuyencap2"
106.970863	11.391923
106.956983	11.406509
106.986799	11.430147
107.001579	11.414681
> -L"L1tr_DGXuyencap2"
108.209822	12.901886
108.200243	12.888397
> -L"L1tr_DGXuyencap2"
108.435486	12.738936
108.422251	12.720861
> -L"L1tr_DGXuyencap2"
107.246876	13.644426
107.229983	13.630625
> -L"L1tr_DGXuyencap2"
107.474929	13.46863
107.460211	13.453345
> -L"L1tr_DGXuyencap2"
107.968652	16.126947
107.981504	16.105216
107.996154	16.124917
> -L"L1tr_DGXuyencap2"
103.588921	19.039356
103.60515	19.052978
> -L"L1tr_DGXuyencap2"
103.773323	19.447196
103.785017	19.462907
> -L"L1tr_DGXuyencap2"
104.041666	19.206939
104.055331	19.22257
> -L"L1tr_DGXuyencap2"
103.121859	23.132977
103.138789	23.133769
> -L"L1tr_DGXuyencap2"
104.997362	23.296467
104.996333	23.275967
105.018438	23.281162
> -L"L1tr_DGXuyencap2"
106.301037	18.049411
106.310293	18.0659
106.344221	18.047471
106.335188	18.032944
106.336271	18.031859
> -L"L1tr_DGXuyencap2"
104.619687	23.392894
104.638563	23.383347
104.639729	23.406918
> -L"L1tr_DGXuyencap2"
102.930874	21.221298
102.944549	21.21319
> -L"L1tr_DGXuyencap2"
102.801579	20.973405
102.820227	20.964138
> -L"L1tr_DGXuyencap2"
102.705852	20.767214
102.723257	20.760264
> -L"L1tr_DGXuyencap2"
102.562882	20.485728
102.572827	20.478778
> -L"L1tr_DGXuyencap2"
102.378886	20.226251
102.397534	20.215826
> -L"L1tr_DGXuyencap2"
104.610463	20.945909
104.622895	20.957581
> -L"L1tr_DGXuyencap2"
104.898887	20.805845
104.906347	20.822186
> -L"L1tr_DGXuyencap2"
107.318488	19.450191
107.167184	19.302802
> -L"L1tr_DGXuyencap2"
107.079712	19.19721
106.9946	19.113616
> -L"L1tr_DGXuyencap2"
108.046159	17.066001
107.971379	16.960081
107.956999	16.919343
107.954123	16.846014
107.954123	16.672196
> -L"L1tr_DGXuyencap2"
109.769971	14.436401
109.772883	14.092928
109.775795	14.081667
109.793267	14.002837
> -L"L1tr_DGXuyencap2"
107.649414	14.538735
107.630299	14.5067
107.605971	14.478036
107.572954	14.435884
107.534725	14.376871
107.494757	14.3128
107.466953	14.253787
107.462977	14.216747
107.458265	14.172855
107.456527	14.117214
107.456527	14.059887
107.456527	13.987385
107.458265	13.798544
> -L"L1tr_DGXuyencap2"
108.725265	14.765491
108.737129	14.698866
> -L"L1tr_DGXuyencap2"
105.98195	21.04906
106.009995	21.02635
106.021568	21.043156
105.996453	21.066979
105.98195	21.04906
> -L"L1tr_DGXuyencap2"
105.312392	20.803383
105.288835	20.81453
105.284692	20.788116
105.312392	20.803383
> -L"L1tr_DGXuyencap2"
105.4084	18.606848
105.420566	18.623027
105.388051	18.646873
105.375712	18.630205
105.4084	18.606848
> -L"L1tr_DGXuyencap2"
105.074985	18.836974
105.085781	18.853463
105.054423	18.874316
105.043113	18.857342
105.074985	18.836974
> -L"L1tr_DGXuyencap2"
104.97486	20.794795
104.975374	20.819604
104.948186	20.809108
104.97486	20.794795
> -L"L1tr_DGXuyencap2"
104.952144	22.841992
104.965883	22.854336
104.938696	22.878444
104.925871	22.865208
104.952144	22.841992
> -L"L1tr_DGXuyencap2"
106.273142	22.658899
106.292352	22.630812
106.310495	22.63743
106.290214	22.665076
106.273142	22.658899
> -L"L1tr_DGXuyencap2"
106.379268	22.426892
106.39383	22.401581
106.407624	22.406841
106.393283	22.432642
106.379268	22.426892
> -L"L1tr_DGXuyencap2"
106.545764	22.160828
106.562858	22.134619
106.575775	22.143032
106.557634	22.168453
106.545764	22.160828
> -L"L1tr_DGXuyencap2"
105.86613	22.378289
105.858419	22.401508
105.844025	22.383993
105.86613	22.378289
> -L"L1tr_DGXuyencap2"
105.870756	22.123875
105.876925	22.147731
105.855334	22.141971
105.870756	22.123875
> -L"L1tr_DGXuyencap2"
105.798787	21.933853
105.80929	21.957282
105.785936	21.953917
105.798787	21.933853
> -L"L1tr_DGXuyencap2"
102.976927	22.178824
102.980233	22.202677
102.953293	22.198056
102.976927	22.178824
> -L"L1tr_DGXuyencap2"
102.832204	22.311707
102.839233	22.33253
102.814084	22.331388
102.832204	22.311707
> -L"L1tr_DGXuyencap2"
102.75719	22.384688
102.758427	22.404865
102.735751	22.400678
102.75719	22.384688
> -L"L1tr_DGXuyencap2"
105.70677	21.746335
105.717051	21.771656
105.692376	21.767246
105.70677	21.746335
> -L"L1tr_DGXuyencap2"
106.511795	21.228063
106.498943	21.247009
106.485577	21.229957
106.511795	21.228063
> -L"L1tr_DGXuyencap2"
106.787333	21.180698
106.780137	21.203433
106.759575	21.187329
106.787333	21.180698
> -L"L1tr_DGXuyencap2"
106.866857	21.788339
106.90037	21.771508
106.910726	21.780405
106.877714	21.797352
106.866857	21.788339
> -L"L1tr_DGXuyencap2"
106.685679	21.96675
106.699842	21.947209
106.707326	21.953874
106.693317	21.973308
106.685679	21.96675
> -L"L1tr_DGXuyencap2"
107.803647	21.592295
107.780003	21.603663
107.77707	21.578449
107.803647	21.592295
> -L"L1tr_DGXuyencap2"
103.736837	20.738813
103.744688	20.769777
103.711447	20.766022
103.736837	20.738813
> -L"L1tr_DGXuyencap2"
103.121657	19.892483
103.131227	19.906217
103.103022	19.926107
103.091941	19.912373
103.121657	19.892483
> -L"L1tr_DGXuyencap2"
103.837263	19.510747
103.845423	19.527362
103.809359	19.543551
103.801648	19.525607
103.837263	19.510747
> -L"L1tr_DGXuyencap2"
104.235004	19.366058
104.2422	19.382546
104.210328	19.397095
104.201589	19.381091
104.235004	19.366058
> -L"L1tr_DGXuyencap2"
104.54961	19.208933
104.561434	19.225422
104.529562	19.246759
104.516093	19.229213
104.54961	19.208933
> -L"L1tr_DGXuyencap2"
104.723269	19.051435
104.738272	19.065387
104.708456	19.089635
104.695604	19.076541
104.723269	19.051435
> -L"L1tr_DGXuyencap2"
104.910246	19.083961
104.915624	19.103213
104.879125	19.113882
104.87356	19.096058
104.910246	19.083961
> -L"L1tr_DGXuyencap2"
105.304259	18.98343
105.307857	19.001373
105.267759	19.010588
105.263133	18.993129
105.304259	18.98343
> -L"L1tr_DGXuyencap2"
106.021011	18.200543
106.030117	18.21866
105.993105	18.238058
105.982823	18.219145
106.021011	18.200543
> -L"L1tr_DGXuyencap2"
105.938099	17.950688
105.949408	17.963402
105.921188	17.986261
105.908797	17.972692
105.938099	17.950688
> -L"L1tr_DGXuyencap2"
106.185551	17.812675
106.191532	17.828442
106.158118	17.842622
106.150921	17.825997
106.185551	17.812675
> -L"L1tr_DGXuyencap2"
106.507168	17.670127
106.516421	17.685311
106.481465	17.702944
106.472211	17.68727
106.507168	17.670127
> -L"L1tr_DGXuyencap2"
107.681804	14.801923
107.700824	14.799419
107.704936	14.835483
107.685402	14.837487
107.681804	14.801923
> -L"L1tr_DGXuyencap2"
108.842579	12.707631
108.868283	12.730264
108.853887	12.744849
108.828699	12.722216
108.842579	12.707631
> -L"L1tr_DGXuyencap2"
108.174807	12.239388
108.208334	12.256919
108.197427	12.274091
108.165555	12.256991
108.174807	12.239388
> -L"L1tr_DGXuyencap2"
107.819071	11.986909
107.847347	12.012056
107.832951	12.027647
107.804679	12.001494
107.819071	11.986909
> -L"L1tr_DGXuyencap2"
106.001784	11.269004
106.026519	11.246572
106.038857	11.259648
106.013667	11.282784
106.001784	11.269004
> -L"L1tr_DGXuyencap2"
107.712648	16.126947
107.721361	16.147551
107.692086	16.141532
107.712648	16.126947
> -L"L1tr_DGXuyencap2"
107.499312	16.010108
107.506222	16.034374
107.475151	16.024436
107.499312	16.010108
> -L"L1tr_DGXuyencap2"
108.508967	12.463889
108.535678	12.488533
108.523343	12.502932
108.494555	12.479293
108.508967	12.463889
> -L"L1tr_DGXuyencap2"
103.479259	19.672747
103.488325	19.688849
103.455083	19.706371
103.444381	19.6908
103.479259	19.672747
> -L"L1tr_DGXuyencap2"
103.093323	22.1072
103.096629	22.131053
103.069689	22.126432
103.093323	22.1072
> -L"L1tr_DGXuyencap2"
107.458265	13.80023
107.46174	13.486618
> -L"L1tr_DGXuyencap2"
109.056524	10.792056
109.00702	10.705856
108.954604	10.582304
108.910924	10.461624
108.838122	10.306464
108.797354	10.185786
108.730378	9.996146
> -L"L1tr_DGXuyencap2"
109.516626	11.88104
109.53701	11.952872
109.55157	12.007464
109.563218	12.067804
109.571954	12.13964
> -L"L1tr_DGXuyencap2"
107.297815	10.151337
107.202424	10.084727
107.10895	10.024486
107.038524	9.971249
106.92683	9.89442
106.841573	9.840202
> -L"L1tr_DGXuyencap2"
105.461173	20.740509
105.557575	20.750229
105.63328	20.751721
> -L"L1tr_DGXuyencap2"
103.747323	21.983463
103.757004	21.913474
> -L"L1tr_DGXuyencap2"
108.068193	13.016138
108.069223	13.015147
108.143512	12.957105
108.280847	12.848632
108.376639	12.785356
108.434503	12.741319
108.519492	12.69125
108.669092	12.597342
> -L"L1tr_DGXuyencap2"
102.707398	21.998793
102.757085	21.966448
102.808828	21.920942
102.825827	21.88803
> -L"L1tr_DGXuyencap2"
102.343938	21.918457
102.253024	21.853026
102.152729	21.776666
102.047112	21.701546
101.956215	21.639771
101.885393	21.596191
101.861248	21.57576
> -L"L1tr_DGXuyencap2"
101.881601	20.614838
101.978114	20.720472
102.147317	20.900152
102.321801	21.090039
> -L"L1tr_DGXuyencap2"
101.827108	22.870736
101.909299	22.824958
101.996609	22.789008
102.068328	22.760247
102.144725	22.730049
102.221121	22.699851
102.290095	22.667953
102.383269	22.630826
102.440955	22.60638
102.501761	22.57043
102.570999	22.518517
> -L"L1tr_DGXuyencap2"
102.663906	22.445337
102.739911	22.397706
102.758005	22.383334
102.802642	22.343218
102.843481	22.298321
102.904379	22.234864
102.953473	22.197734
102.990956	22.167794
103.004527	22.157015
103.043213	22.134848
103.101245	22.101299
> -L"L1tr_DGXuyencap2"
102.761365	19.56764
102.745384	19.444847
102.737943	19.322029
102.743731	19.208014
102.759141	19.123609
102.78155	19.004869
102.790857	18.918368
102.794149	18.784455
102.794673	18.721416
102.801372	18.657519
102.809832	18.605481
102.818292	18.553443
102.826259	18.479721
102.828446	18.432479
102.824239	18.394956
102.823956	18.323033
102.828919	18.246294
102.830961	18.20496
102.825324	18.100416
102.819575	18.042173
102.809435	17.995661
102.797703	17.930398
102.787021	17.864171
102.77898	17.815732
102.7778	17.780242
102.779059	17.72904
102.773503	17.662919
102.777693	17.617689
102.783504	17.506486
> -L"L1tr_DGXuyencap2"
102.423322	14.149587
102.541055	14.168735
103.433861	14.321859
104.174297	14.323112
104.626055	14.271818
104.939248	14.233367
105.660843	14.11601
106.141521	14.029546
> -L"L1tr_DGXuyencap2"
105.696879	18.212383
105.751249	18.134029
105.824163	18.041558
105.890567	17.985567
106.002865	17.899392
106.149998	17.825962
106.391634	17.726468
106.50973	17.667569
> -L"L1tr_DGXuyencap2"
106.354964	17.167823
106.408334	17.148511
106.450756	17.139499
106.500275	17.129168
106.552003	17.125547
106.60071	17.116858
106.642673	17.109616
106.680874	17.099478
106.727347	17.094409
106.754335	17.092236
> -L"L1tr_DGXuyencap2"
107.134413	16.992672
107.208579	16.962685
107.261749	16.929668
107.345626	16.887597
107.402129	16.860661
107.535694	16.798362
107.672816	16.748732
107.782288	16.696678
108.000139	16.620594
> -L"L1tr_DGXuyencap2"
103.522925	19.650009
103.56442	19.612025
103.656266	19.537033
103.7519	19.462045
103.814804	19.409667
103.884001	19.352529
103.943096	19.295379
104.016049	19.231093
104.100272	19.145363
104.164391	19.082258
104.244889	19.010829
104.316585	18.947733
104.395893	18.892991
104.482736	18.828721
104.569605	18.770412
104.646456	18.731164
104.724576	18.69311
104.822856	18.645543
104.898498	18.618214
> -L"L1tr_DGXuyencap2"
103.192601	21.052716
103.215068	21.049704
103.254238	21.043088
103.288867	21.041859
103.326052	21.038428
103.387945	21.035659
103.442963	21.019158
103.486443	20.996518
103.507869	20.986072
103.542194	20.958286
103.60721	20.894077
103.646499	20.84667
103.683951	20.799846
103.717114	20.756495
103.744097	20.731039
> -L"L1tr_DGXuyencap2"
104.220524	20.456818
104.297129	20.43033
104.39314	20.409858
> -L"L1tr_DGXuyencap2"
107.739016	15.108585
107.735691	15.069671
107.732057	15.019564
107.724412	14.959672
107.718615	14.904657
107.706197	14.836612
107.698201	14.772911
107.685744	14.723687
107.671802	14.678083
107.66523	14.640441
107.659404	14.599904
107.654301	14.566605
107.648666	14.538338
> -L"L1tr_DGXuyencap2"
102.992472	21.001465
102.988091	20.830956
102.986343	20.73333
102.978023	20.595954
102.974778	20.452531
102.972884	20.324771
102.969562	20.165679
102.972632	20.00897
102.975748	19.861904
102.978102	19.7846
102.978785	19.762152
102.979295	19.745382
> -L"L1tr_DGXuyencap2"
103.816619	21.786617
103.840888	21.732166
103.84803	21.723188
103.856478	21.711815
103.863021	21.698651
103.868276	21.686085
103.909206	21.632216
103.935779	21.603482
103.971356	21.571748
104.004987	21.542409
104.088107	21.476795
> -L"L1tr_DGXuyencap2"
103.763553	21.899711
103.787803	21.847054
103.816517	21.796785
> -L"L1tr_DGXuyencap2"
104.075255	21.473882
104.117384	21.447967
104.151954	21.420593
104.183421	21.378771
104.207413	21.349933
104.237391	21.311719
104.290836	21.284382
104.364846	21.265144
104.397772	21.254007
104.444964	21.243197
104.522831	21.229959
> -L"L1tr_DGXuyencap2"
104.789632	20.958016
104.801045	20.942077
104.848903	20.887966
104.878233	20.860894
104.913916	20.833802
104.950869	20.806706
104.988761	20.78553
105.045959	20.766935
105.071098	20.762145
105.114284	20.758236
105.168526	20.761409
105.211463	20.765727
105.276655	20.782638
105.317526	20.803371
105.35086	20.831245
> -L"L1tr_DGXuyencap2"
104.976203	20.789613
104.988761	20.78553
104.989708	20.785001
> -L"L1tr_DGXuyencap2"
104.526763	21.22843
104.566875	21.216905
104.601479	21.199381
104.632932	21.169061
104.656519	21.138784
104.721784	21.060062
104.748187	21.017487
104.764513	20.992511
104.790261	20.958015
> -L"L1tr_DGXuyencap2"
107.375097	21.340355
107.373204	21.333798
107.363207	21.308088
107.346158	21.282385
107.320292	21.241139
107.2963	21.204677
107.283056	21.183157
107.27734	21.177779
107.244217	21.156876
107.207919	21.132986
107.198969	21.130601
107.153623	21.113897
107.131864	21.110328
107.070335	21.10919
107.027349	21.112819
107.009375	21.115228
106.984925	21.124223
106.945724	21.13383
106.864687	21.160223
106.827415	21.169229
106.802995	21.175233
106.760571	21.186637
106.702097	21.200449
106.652017	21.208271
106.590902	21.218602
106.561006	21.222458
106.532139	21.225331
106.495021	21.228181
106.437285	21.233928
106.383678	21.240672
> -L"L1tr_DGXuyencap2"
105.523704	21.660608
105.573022	21.601348
105.623549	21.549265
105.680552	21.490596
105.76145	21.414559
105.801588	21.375644
105.898228	21.308735
106.015298	21.240646
106.128187	21.186176
106.243167	21.135596
> -L"L1tr_DGXuyencap2"
106.970134	21.71937
106.936082	21.746888
106.881754	21.775124
106.843185	21.803001
106.795734	21.842038
106.757219	21.883884
106.703861	21.934087
106.641676	22.00942
106.609144	22.059656
106.567709	22.115465
106.544093	22.162922
106.473025	22.249415
106.425748	22.333153
106.38148	22.425277
106.357961	22.497877
106.301846	22.603951
106.293008	22.626287
106.279707	22.648615
106.261921	22.66535
> -L"L1tr_DGXuyencap2"
104.86933	23.37988
105.012342	23.291998
105.083848	23.224516
105.136627	23.175867
105.183969	23.136109
105.23878	23.0974
105.278703	23.07
105.314039	23.062191
105.357757	23.04959
105.416285	23.030395
105.456822	23.015404
105.503261	22.987249
105.544052	22.947137
105.589529	22.887283
105.620788	22.838806
105.655991	22.780756
105.686645	22.728691
105.71609	22.66945
105.757122	22.605413
105.78586	22.552752
105.823704	22.486923
105.847289	22.43666
105.873015	22.364862
105.888308	22.310419
105.888658	22.275728
105.884497	22.243433
105.885971	22.160892
105.85648	22.075688
> -L"L1tr_DGXuyencap2"
105.85047	22.067356
105.799378	21.920159
105.735664	21.809938
105.706223	21.741781
105.679237	21.684387
105.668747	21.663542
> -L"L1tr_DGXuyencap2"
107.380926	21.343967
107.475476	21.394759
107.553662	21.443857
107.646611	21.512389
107.755465	21.568251
107.864323	21.62006
107.933998	21.643817
108.046331	21.69614
108.16255	21.751643
108.252944	21.805646
108.382076	21.903151
108.504752	22.008157
108.630656	22.098161
108.796916	22.227168
108.938962	22.360675
> -L"L1tr_DGXuyencap2"
108.195194	23.518037
108.322268	23.406938
108.446357	23.311561
108.540998	23.230226
108.65856	23.140457
108.854654	23.014176
108.962557	22.952421
109.067293	22.90747
> -L"L1tr_DGXuyencap2"
110.979363	18.332644
111.476549	18.368706
111.770036	18.387562
111.979462	18.367913
112.230677	18.328879
112.587392	18.405592
113.00685	18.462887
113.258912	18.559083
113.720886	18.712906
114.119753	18.82819
114.602196	18.904704
114.958548	18.923461
115.162672	18.954474
> -L"L1tr_DGXuyencap2"
110.101479	20.193296
110.455223	20.43966
110.992399	20.809208
111.280639	20.895436
111.621287	21.030936
112.001239	21.203388
112.368087	21.40048
112.721831	21.5483
113.363823	21.745388
113.822383	21.917844
114.490583	22.21348
114.949143	22.398252
115.329095	22.509116
115.411517	22.544881
> -L"L1tr_DGXuyencap2"
111.975062	16.262271
111.933235	16.297555
111.901027	16.324383
111.854501	16.361282
111.807976	16.398182
111.770376	16.431479
111.751338	16.444132
111.717428	16.469422
111.659464	16.505809
111.615586	16.534281
111.580818	16.557214
111.539432	16.58489
111.503832	16.607826
111.339835	16.706725
111.301814	16.737537
111.267055	16.761257
111.228177	16.789711
111.189267	16.815019
111.142111	16.849009
111.092496	16.88694
111.054435	16.913818
111.023016	16.938314
111.000684	16.954911
110.97252	16.971528
> -L"L1tr_DGXuyencap2"
109.974121	11.348564
109.997951	11.323829
110.138887	11.178369
110.241044	11.098242
110.335833	11.006089
110.437829	10.88495
110.595843	10.739404
110.688184	10.644851
110.770936	10.593772
110.795258	10.57435
> -L"L1tr_DGXuyencap2"
109.981925	11.367599
109.888297	11.474199
109.694239	11.645017
109.577747	11.802418
109.52245	11.878168
> -L"L1tr_DGXuyencap2"
103.476745	23.36395
103.654704	23.287101
103.744749	23.245897
103.843409	23.196479
103.920606	23.159406
104.019156	23.122272
104.087666	23.101603
104.156102	23.089123
104.27144	23.084699
104.322611	23.092742
104.431912	23.145056
> -L"L1tr_DGXuyencap2"
103.112885	23.536423
103.120583	23.500963
103.132411	23.401199
103.134776	23.290592
103.13997	23.104684
> -L"L1tr_DGXuyencap2"
102.054749	7.651878
102.116349	7.39686
102.220979	6.995742
> -L"L1tr_DGXuyencap2"
103.237876	22.282998
103.249032	22.218237
103.251479	22.18086
103.256791	22.123882
103.256118	22.063473
103.257545	22.049116
103.264608	21.984513
103.27995	21.925285
103.282893	21.872361
> -L"L1tr_DGXuyencap2"
114.545673	14.078279
114.543007	14.078902
114.450116	14.186731
114.387811	14.284353
114.318151	14.385407
114.20165	14.525747
114.006516	14.71712
> -L"L1tr_DGXuyencap2"
102.771153	21.451017
102.792139	21.464723
102.818064	21.481855
102.860542	21.5064
102.900432	21.533128
102.940359	21.556286
102.999714	21.59821
103.100198	21.634378
> -L"L1tr_DGXuyencap2"
114.763834	10.253356
114.552324	10.398059
114.360988	10.551694
114.207924	10.680971
> -L"L1tr_DGXuyencap2"
111.206877	6.993211
111.236961	7.070059
111.247209	7.104616
111.257525	7.134581
111.294581	7.215355
111.320211	7.260409
111.345924	7.299723
111.372748	7.34479
111.419682	7.403849
111.462123	7.443339
111.500962	7.483939
111.527971	7.516377
111.599827	7.587181
111.657514	7.646354
111.679896	7.668407
111.714225	7.690587
111.748554	7.712767
111.783994	7.7407
111.823019	7.76867
111.859519	7.805801
111.939705	7.87899
111.993942	7.928939
112.036332	7.971873
112.062163	8.00315
112.105967	8.031171
112.137873	8.055622
> -L"L1tr_DGXuyencap2"
112.338559	8.518902
112.416108	8.525458
112.497223	8.533199
112.517476	8.536856
112.569793	8.553478
112.618492	8.572357
112.652994	8.581903
112.686234	8.596028
112.711097	8.611213
112.7656	8.641632
112.834318	8.680236
112.880595	8.701386
112.9281	8.720253
112.967278	8.736736
113.006524	8.748628
113.065741	8.767333
> -L"L1tr_DGXuyencap2"
107.056872	8.668748
106.997536	8.2982
106.91446	7.974708
106.902596	7.780612
106.89666	7.615924
106.91446	7.339485
106.884792	7.127744
106.861351	6.999954
> -L"L1tr_DGXuyencap2"
103.793656	9.582926
103.772144	9.683509
103.742672	9.85338
103.717041	9.994918
103.704768	10.25984
103.690839	10.381096
103.682288	10.477205
103.68107	10.532424
103.694074	10.59898
103.707954	10.6987
103.714988	10.817222
103.735456	11.12858
103.741934	11.272345
103.740521	11.482244
103.738573	11.570595
103.721569	11.685474
103.707779	11.800418
103.684284	11.99093
103.665093	12.134767
> -L"L1tr_DGXuyencap2"
103.830948	9.388204
103.954262	9.226595
103.979526	9.18068
104.011264	9.142899
104.057231	9.072229
104.108785	8.992388
104.161606	8.915238
104.231465	8.799949
104.329401	8.633497
104.397751	8.524818
104.447726	8.454245
104.507055	8.383899
104.575025	8.289835
104.657521	8.202768
104.737205	8.120952
104.812984	8.035052
104.863604	7.991083
104.919948	7.932628
104.996337	7.857431
> -L"L1tr_DGXuyencap2"
103.154987	22.684246
103.201665	22.678229
103.240429	22.665192
> -L"L1tr_DGXuyencap2"
103.468459	22.030904
103.489162	21.965761
103.509559	21.913706
103.526498	21.886775
103.539029	21.852072
103.556058	21.816169
> -L"L1tr_DGXuyencap2"
104.230954	21.13685
104.25102	21.117691
104.272277	21.107503
> -L"L1tr_DGXuyencap2"
104.273222	21.111038
104.310116	21.093779
104.349275	21.076524
104.402032	21.06074
> -L"L1tr_DGXuyencap2"
107.249251	11.619122
107.129924	11.515689
107.066654	11.458852
107.016594	11.422812
> -L"L1tr_DGXuyencap2"
108.121068	16.116399
107.984653	16.126593
107.973143	16.12698
107.95718	16.128099
107.944556	16.128129
107.931191	16.128881
107.913377	16.131803
107.890366	16.135457
107.870326	16.139104
107.852511	16.141666
107.836918	16.142424
107.818354	16.142829
107.806471	16.142138
107.79162	16.142534
107.776773	16.144369
107.757845	16.147654
107.739284	16.149138
107.723689	16.148816
107.708086	16.145975
107.690622	16.14134
107.672404	16.132748
107.653064	16.120921
107.634461	16.107292
107.614742	16.092947
107.596888	16.081476
107.57978	16.071442
107.564159	16.062125
107.544083	16.052818
107.519544	16.041003
107.504674	16.034562
107.484604	16.027414
107.464162	16.019908
107.422732	16.00334
> -L"L1tr_DGXuyencap2"
103.355545	21.464582
103.351916	21.488796
103.338602	21.530951
103.334537	21.580519
103.325917	21.622733
103.318834	21.666425
103.312108	21.69115
103.293273	21.744523
103.287045	21.783136
103.280817	21.852638
> -L"L1tr_DGXuyencap2"
104.157844	23.479617
104.189799	23.445353
104.187461	23.460344
> -L"L1tr_DGXuyencap2"
105.707805	23.50103
105.72471	23.506101
105.713549	23.536595
105.698062	23.532125
> -L"L1tr_DGXuyencap2"
105.914799	23.121974
105.930311	23.128788
105.917655	23.157798
105.901735	23.15208
> -L"L1tr_DGXuyencap2"
107.413933	23.415055
107.45485	23.376836
107.435443	23.380575
> -L"L1tr_DGXuyencap2"
103.587276	22.357478
103.541254	22.396878
103.544985	22.373653
> -L"L1tr_DGXuyencap2"
103.223336	22.450561
103.241289	22.451513
103.244367	22.421987
103.2259	22.420559
> -L"L1tr_DGXuyencap2"
102.230546	22.389336
102.227972	22.363972
102.255131	22.372311
> -L"L1tr_DGXuyencap2"
102.407317	22.268839
102.457085	22.226277
102.451429	22.248526
> -L"L1tr_DGXuyencap2"
102.503135	22.166874
102.501165	22.139348
102.529051	22.145577
> -L"L1tr_DGXuyencap2"
103.722326	21.559156
103.751681	21.524499
103.750008	21.53794
> -L"L1tr_DGXuyencap2"
104.2662	21.829539
104.236856	21.852468
104.239235	21.838952
> -L"L1tr_DGXuyencap2"
104.917141	21.316156
104.957751	21.273875
104.954989	21.28819
> -L"L1tr_DGXuyencap2"
106.592291	21.669287
106.555994	21.634541
106.558455	21.650207
> -L"L1tr_DGXuyencap2"
107.0272	21.596128
106.98383	21.643573
106.991648	21.620894
> -L"L1tr_DGXuyencap2"
105.209072	19.407471
105.256585	19.386097
105.244715	19.40504
> -L"L1tr_DGXuyencap2"
105.256063	19.35945
105.196973	19.382214
105.208973	19.362712
> -L"L1tr_DGXuyencap2"
105.613751	18.454156
105.657187	18.414908
105.653747	18.432566
> -L"L1tr_DGXuyencap2"
105.641269	18.267356
105.657433	18.283324
> -L"L1tr_DGXuyencap2"
105.529657	18.382577
105.575207	18.341569
105.571599	18.360018
> -L"L1tr_DGXuyencap2"
105.375	18.501096
105.385871	18.509796
> -L"L1tr_DGXuyencap2"
104.99141	18.626529
104.988849	18.603956
> -L"L1tr_DGXuyencap2"
104.603898	18.221929
104.585496	18.233778
104.58818	18.217989
> -L"L1tr_DGXuyencap2"
104.626412	18.207433
104.616437	18.213855
> -L"L1tr_DGXuyencap2"
106.108544	17.322021
106.129133	17.308518
106.126389	17.324964
> -L"L1tr_DGXuyencap2"
106.08729	17.33596
106.095927	17.330296
> -L"L1tr_DGXuyencap2"
107.625105	16.464721
107.674208	16.455267
107.663465	16.46794
> -L"L1tr_DGXuyencap2"
107.057496	16.555705
107.054726	16.542478
> -L"L1tr_DGXuyencap2"
106.971954	16.593381
107.011531	16.571732
107.008397	16.581471
> -L"L1tr_DGXuyencap2"
106.982356	16.550042
106.941871	16.571101
106.945077	16.561627
> -L"L1tr_DGXuyencap2"
108.292747	16.101721
108.304851	16.079041
108.318712	16.100283
> -L"L1tr_DGXuyencap2"
108.593232	16.09702
108.609863	16.077571
108.61931	16.097348
> -L"L1tr_DGXuyencap2"
108.399526	12.357976
108.442563	12.38928
108.439638	12.373853
> -L"L1tr_DGXuyencap2"
108.021323	13.066996
108.058197	13.040986
108.055691	13.053805
> -L"L1tr_DGXuyencap2"
107.574388	11.831913
107.534526	11.801544
107.537235	11.816511
> -L"L1tr_DGXuyencap2"
105.123821	11.938626
105.109267	11.922999
105.080639	11.947176
105.095033	11.962264
> -L"L1tr_DGXuyencap2"
109.371947	11.686417
109.389715	11.666676
> -L"L1tr_DGXuyencap2"
109.209555	11.511089
109.223931	11.493254
> -L"L1tr_DGXuyencap2"
109.026603	11.347449
109.039767	11.323647
> -L"L1tr_DGXuyencap2"
107.35831	10.197222
107.318103	10.1668
107.320835	10.181793
> -L"L1tr_DGXuyencap2"
107.844611	10.521481
107.860461	10.501037
> -L"L1tr_DGXuyencap2"
108.103627	10.722129
108.123915	10.700875
> -L"L1tr_DGXuyencap2"
108.383195	10.909153
108.398341	10.888965
> -L"L1tr_DGXuyencap2"
108.609315	11.057201
108.62361	11.040001
> -L"L1tr_DGXuyencap2"
108.818987	11.205257
108.831323	11.183833
> -L"L1tr_DGXuyencap2"
106.563571	9.636406
106.563207	9.657792
106.585305	9.648596
> -L"L1tr_DGXuyencap2"
108.754929	13.080247
108.78548	13.041118
108.782492	13.057764
> -L"L1tr_DGXuyencap2"
107.695805	13.292697
107.682219	13.278017
> -L"L1tr_DGXuyencap2"
107.969416	13.080736
107.957671	13.069569
> -L"L1tr_DGXuyencap2"
104.447132	12.537151
104.435299	12.524851
104.409593	12.548724
104.421084	12.56026
> -L"L1tr_DGXuyencap2"
104.805057	12.210158
104.793145	12.196991
104.767266	12.222547
104.778834	12.234896
> -L"L1tr_DGXuyencap2"
102.993364	21.316245
102.9647	21.276027
102.940055	21.240761
102.912381	21.188153
102.863926	21.098481
102.821884	21.023299
> -L"L1tr_DGXuyencap2"
107.672949	16.423657
107.621053	16.439355
107.625163	16.432292
> -L"L1tr_DGXuyencap2"
106.310024	17.182397
106.317363	17.194018
> -L"L1tr_DGXuyencap2"
107.558439	10.309079
107.559983	10.332215
107.583631	10.324168
> -L"L1tr_DGXuyencap2"
103.757615	21.506167
103.755127	21.499163
> -L"L1tr_DGXuyencap2"
103.911775	21.464147
103.906799	21.447807
> -L"L1tr_DGXuyencap2"
105.396179	20.738147
105.396179	20.754488
> -L"L1tr_DGXuyencap2"
102.995733	19.232696
102.978096	19.233274
102.978837	19.204327
102.995274	19.203878
> -L"L1tr_DGXuyencap2"
108.784763	13.48382
108.815539	13.399671
108.879375	13.28196
108.913086	13.235421
108.975557	13.187371
109.036339	13.164835
109.108314	13.139294
> -L"L1tr_DGXuyencap2"
108.739109	14.693155
108.739638	14.681236
108.755528	14.624859
108.759268	14.585911
108.763469	14.547904
108.761835	14.507274
108.75947	14.468823
108.758526	14.41513
108.758027	14.371791
108.763328	14.281298
108.759981	14.185954
108.751455	14.111842
108.752087	14.083541
108.750506	14.056697
108.746669	14.020428
108.743575	13.984881
108.741982	13.955135
> -L"L1tr_DGXuyencap2"
108.73934	13.953793
108.728834	13.899719
108.725368	13.832212
108.727008	13.742193
108.730378	13.682712
> -L"L1tr_DGXuyencap2"
103.457783	22.13347
103.449125	22.158587
103.435015	22.139833
103.457783	22.13347
> -L"L1tr_DGXuyencap2"
103.284869	22.46133
103.273654	22.485442
103.260991	22.466688
103.284869	22.46133
> -L"L1tr_DGXuyencap2"
103.395916	22.251686
103.383121	22.271245
103.374595	22.251686
103.395916	22.251686
> -L"L1tr_DGXuyencap2"
109.033157	13.01578
109.034684	13.036265
108.99974	13.039101
108.996827	13.024917
109.033157	13.01578
> -L"L1tr_DGXuyencap2"
107.433389	16.483658
107.477207	16.479868
107.478235	16.498107
107.435568	16.502543
107.433389	16.483658
> -L"L1tr_DGXuyencap2"
106.913279	21.079339
106.902999	21.100179
106.886035	21.083601
106.913279	21.079339
> -L"L1tr_DGXuyencap2"
105.218615	20.179694
105.229564	20.206274
105.200366	20.19934
105.218615	20.179694
> -L"L1tr_DGXuyencap2"
104.60142	23.191353
104.613218	23.20361
104.586996	23.224609
104.574746	23.213511
104.60142	23.191353
> -L"L1tr_DGXuyencap2"
104.293902	23.335716
104.306053	23.34922
104.281581	23.369414
104.268894	23.356057
104.293902	23.335716
> -L"L1tr_DGXuyencap2"
104.125073	23.479101
104.139436	23.490832
104.115327	23.514996
104.100964	23.502328
104.125073	23.479101
> -L"L1tr_DGXuyencap2"
103.256421	22.638857
103.282583	22.624654
103.289764	22.63649
103.263331	22.650112
103.256421	22.638857
> -L"L1tr_DGXuyencap2"
103.499355	22.446007
103.517793	22.422101
103.533773	22.432346
103.510417	22.453975
103.499355	22.446007
> -L"L1tr_DGXuyencap2"
103.86993	22.050873
103.889936	22.028556
103.901734	22.037578
103.881215	22.059895
103.86993	22.050873
> -L"L1tr_DGXuyencap2"
103.698086	22.24805
103.719118	22.221818
103.731942	22.231315
103.711145	22.257193
103.698086	22.24805
> -L"L1tr_DGXuyencap2"
106.884536	16.608871
106.892203	16.626451
106.858275	16.642224
106.851078	16.624479
106.884536	16.608871
> -L"L1tr_DGXuyencap2"
106.039214	22.843102
106.059748	22.817032
106.076397	22.824299
106.055032	22.850154
106.039214	22.843102
> -L"L1tr_DGXuyencap2"
104.033491	22.002252
104.056109	21.981278
104.068961	21.992942
104.044339	22.013835
104.033491	22.002252
> -L"L1tr_DGXuyencap2"
103.032005	21.26403
103.048122	21.287969
103.020925	21.294071
103.032005	21.26403
> -L"L1tr_DGXuyencap2"
103.144889	21.088665
103.148855	21.117116
103.118132	21.110075
103.144889	21.088665
> -L"L1tr_DGXuyencap2"
104.315198	21.78988
104.34707	21.770308
104.356837	21.785106
104.325993	21.804201
104.315198	21.78988
> -L"L1tr_DGXuyencap2"
104.548582	21.608026
104.578398	21.583397
104.590221	21.59678
104.562462	21.621409
104.548582	21.608026
> -L"L1tr_DGXuyencap2"
104.770916	21.423601
104.794306	21.3958
104.809728	21.406808
104.786081	21.434089
104.770916	21.423601
> -L"L1tr_DGXuyencap2"
105.645082	21.66408
105.631203	21.684145
105.616808	21.664882
105.645082	21.66408
> -L"L1tr_DGXuyencap2"
106.305131	21.12392
106.298196	21.147226
106.278285	21.134269
106.305131	21.12392
> -L"L1tr_DGXuyencap2"
107.064208	21.580607
107.09041	21.553099
107.103996	21.563978
107.078609	21.591566
107.064208	21.580607
> -L"L1tr_DGXuyencap2"
106.466113	21.547751
106.444965	21.559538
106.440904	21.535611
106.466113	21.547751
> -L"L1tr_DGXuyencap2"
104.447312	20.399914
104.434975	20.422064
104.416468	20.406174
104.447312	20.399914
> -L"L1tr_DGXuyencap2"
105.60165	19.285556
105.606702	19.30485
105.571571	19.315183
105.566332	19.297198
105.60165	19.285556
> -L"L1tr_DGXuyencap2"
105.617323	18.879165
105.624007	18.896139
105.585965	18.911172
105.578255	18.893714
105.617323	18.879165
> -L"L1tr_DGXuyencap2"
107.123287	16.999178
107.128674	17.016817
107.087184	17.029503
107.081375	17.011267
107.123287	16.999178
> -L"L1tr_DGXuyencap2"
107.866354	16.385467
107.871494	16.402235
107.833454	16.41555
107.826771	16.398289
107.866354	16.385467
> -L"L1tr_DGXuyencap2"
107.720872	15.386467
107.740408	15.385465
107.74107	15.419306
107.72293	15.420527
107.720872	15.386467
> -L"L1tr_DGXuyencap2"
108.572164	13.25967
108.586557	13.272193
108.56291	13.29874
108.548003	13.286719
108.572164	13.25967
> -L"L1tr_DGXuyencap2"
108.196897	13.692445
108.212833	13.701962
108.190214	13.731014
108.176334	13.720495
108.196897	13.692445
> -L"L1tr_DGXuyencap2"
109.155215	12.977204
109.184928	13.003712
109.169507	13.01924
109.139691	12.994195
109.155215	12.977204
> -L"L1tr_DGXuyencap2"
105.459504	11.683129
105.492404	11.663514
105.50204	11.680294
105.469271	11.699726
105.459504	11.683129
> -L"L1tr_DGXuyencap2"
105.767942	11.480442
105.795702	11.460324
105.807011	11.474909
105.778738	11.495027
105.767942	11.480442
> -L"L1tr_DGXuyencap2"
107.475163	11.753039
107.506519	11.772654
107.495723	11.789251
107.463851	11.770139
107.475163	11.753039
> -L"L1tr_DGXuyencap2"
107.890514	14.140747
107.907478	14.14826
107.892056	14.178815
107.875606	14.171301
107.890514	14.140747
> -L"L1tr_DGXuyencap2"
109.43682	13.200064
109.468178	13.22611
109.452756	13.242139
109.420884	13.216593
109.43682	13.200064
> -L"L1tr_DGXuyencap2"
106.469064	21.233564
106.452748	21.262289
106.413766	21.313763
106.3995	21.329926
106.342539	21.384408
106.266842	21.453262
> -L"L1tr_DGXuyencap2"
106.857935	11.309177
106.887422	11.328964
106.923745	11.355423
106.982632	11.398621
107.012802	11.424347
> -L"L1tr_DGXuyencap2"
101.837894	22.575726
101.887882	22.518498
101.996609	22.43238
102.060693	22.343508
102.14403	22.191675
102.226663	22.118449
102.303289	22.062083
102.368254	22.000137
102.415351	21.971929
> -L"L1tr_DGXuyencap2"
102.570999	22.518517
102.585512	22.507455
102.592323	22.49849
102.60232	22.491016
102.613267	22.484436
102.626521	22.471285
102.649703	22.457528
102.664868	22.445271
102.673204	22.44377
102.679958	22.440479
102.690903	22.434198
102.709851	22.427611
102.733953	22.417734
102.747425	22.414736
102.761585	22.406959
102.773448	22.404857
> -L"L1tr_DGXuyencap2"
102.985349	19.571641
103.600981	19.025566
103.663858	18.967229
103.709132	18.925559
103.780107	18.872992
103.911718	18.794187
104.009326	18.739931
104.07747	18.695667
104.138667	18.668405
104.20936	18.626532
104.291677	18.557932
104.361811	18.496719
104.40269	18.452749
104.447968	18.389385
104.48361	18.335799
104.529609	18.289958
104.583737	18.251875
104.664334	18.203095
104.747468	18.156702
104.819274	18.11864
104.869635	18.085322
104.948954	18.032964
105.015688	17.990128
105.072289	17.940127
105.149088	17.888958
105.227102	17.827062
105.298702	17.767608
105.534246	17.608587
105.688655	17.536919
105.974986	17.387026
> -L"L1tr_DGXuyencap2"
109.254265	13.057366
109.16035	12.981816
108.967058	12.806292
108.886301	12.743005
108.867425	12.728888
108.853449	12.71557
108.822865	12.690714
108.810304	12.682607
108.795047	12.672357
108.777558	12.661265
108.748225	12.643645
108.713036	12.623348
108.690624	12.609262
108.666381	12.591273
108.642589	12.574495
108.625263	12.560179
108.60794	12.547298
108.600862	12.540615
108.573777	12.5201
108.534808	12.487018
108.489445	12.448775
108.45133	12.420465
108.396147	12.376214
108.337026	12.335051
108.279745	12.297777
108.240425	12.276423
108.201956	12.251561
108.156436	12.230264
108.128792	12.219231
108.102481	12.20818
108.063175	12.185921
108.019333	12.154538
107.980343	12.1196
107.931594	12.083884
107.887279	12.046801
107.834426	11.998007
107.8049	11.973417
107.774089	11.952765
107.740627	11.932572
107.704018	11.9076
107.678128	11.889944
107.655352	11.873129
107.62544	11.851574
107.598652	11.831733
107.569652	11.811909
107.545103	11.793789
107.514349	11.775283
107.466221	11.746443
107.410117	11.716786
107.375829	11.697855
107.3215	11.666415
107.275548	11.639473
107.247816	11.622299
> -L"L1tr_DGXuyencap2"
104.83798	22.946311
104.910046	22.878711
104.947547	22.84341
104.994264	22.79898
105.016599	22.781326
105.047467	22.757584
105.084274	22.726539
105.127683	22.686977
105.173097	22.642548
105.30517	22.534803
105.357825	22.48307
105.396618	22.448984
105.424332	22.414909
105.478018	22.361167
> -L"L1tr_DGXuyencap2"
107.155233	20.960347
107.186122	20.976068
107.209506	20.990622
107.240704	21.011773
107.264949	21.023173
107.284003	21.032942
107.327314	21.057358
107.360234	21.076889
107.403526	21.096435
107.462452	21.135485
107.507498	21.161527
107.543901	21.187555
107.592462	21.228212
107.628858	21.252617
107.675665	21.286778
107.732824	21.316085
107.779599	21.34213
107.796905	21.347027
107.845383	21.366582
107.914579	21.379676
108.043043	21.44032
108.156247	21.504252
108.212835	21.556481
108.256352	21.612866
108.291169	21.653112
108.342841	21.709859
108.370664	21.752106
108.421029	21.812243
108.464398	21.873599
108.511208	21.910992
108.580617	21.966335
108.637112	22.006721
108.69038	22.048602
108.764631	22.112919
108.895378	22.208647
109.011598	22.262494
109.113931	22.319225
109.196665	22.355034
109.597251	22.558499
109.993529	22.697159
110.310887	22.787073
110.467231	22.830186
110.465151	22.830186
> -L"L1tr_DGXuyencap2"
104.835957	23.467978
104.716715	23.431468
104.606015	23.394933
104.517106	23.3092
104.466705	23.215168
104.429042	23.129289
104.340757	22.973945
104.290135	22.904482
104.248825	22.749004
> -L"L1tr_DGXuyencap2"
106.244065	22.545696
106.264402	22.497871
106.280286	22.447062
106.29617	22.396254
106.313238	22.355005
106.323147	22.325118
> -L"L1tr_DGXuyencap2"
111.602442	8.792629
111.883298	9.077767
112.205754	9.301804
112.520797	9.426893
112.551814	9.442948
112.575111	9.456661
112.613082	9.479255
112.64669	9.496926
112.670753	9.50644
112.684558	9.514505
112.722512	9.536263
112.747582	9.553284
112.764064	9.567145
112.80732	9.59799
112.830652	9.613375
112.84882	9.626363
112.86346	9.633573
112.922276	9.674953
112.956857	9.698458
112.982814	9.717132
113.002669	9.729247
113.022576	9.74387
113.060512	9.764793
113.082227	9.784395
113.10907	9.804723
113.136749	9.824196
113.158429	9.842127
113.178335	9.85675
113.193044	9.867304
113.22333	9.88923
113.252747	9.910338
113.281277	9.929792
113.30899	9.950937
113.333243	9.969648
113.409341	10.022363
113.450169	10.078641
113.460998	10.078719
113.530016	10.138505
113.543236	10.13979
113.579096	10.161562
113.600972	10.176949
113.661911	10.216957
113.68894	10.229579
113.70982	10.250036
113.728005	10.263861
113.743635	10.27774
113.76528	10.293999
113.787081	10.317782
113.813073	10.338128
113.827015	10.352882
113.867992	10.397159
113.893201	10.420869
113.914863	10.437963
113.939186	10.460019
113.966047	10.481182
113.985153	10.498333
114.000748	10.51054
114.014501	10.516096
114.044908	10.543875
114.064884	10.561842
114.083921	10.575648
114.097882	10.591237
114.119613	10.611676
114.136999	10.628027
114.148247	10.636147
114.160452	10.649265
114.176099	10.663981
114.197847	10.685256
114.215233	10.701608
114.23693	10.720374
114.271632	10.749732
114.293311	10.767663
114.313322	10.787303
114.335975	10.811068
114.354281	10.830745
114.373474	10.852075
114.396144	10.876676
114.410225	10.898118
114.430219	10.916922
114.442423	10.93004
114.46332	10.951334
114.482496	10.971828
114.502523	10.992304
114.520847	11.012817
114.542562	11.03242
114.565963	11.05115
114.579019	11.064249
114.592945	11.078166
114.621544	11.100965
114.64677	11.12551
114.669267	11.14175
114.683228	11.157339
114.698874	11.172056
114.717929	11.186697
114.745608	11.20617
114.762176	11.224212
114.777753	11.235584
114.798581	11.253533
> -L"L1tr_DGXuyencap2"
105.002189	7.849815
105.292953	7.557951
105.516895	7.335419
105.675521	7.187065
105.890133	7.020167
105.909122	7.003536
> -L"L1tr_DGXuyencap2"
111.551156	8.301124
111.630611	8.326636
111.675694	8.347773
111.723165	8.368935
111.756305	8.389946
111.803776	8.411109
111.842971	8.426444
111.898753	8.451137
111.940303	8.468793
111.97361	8.478327
112.025994	8.490358
112.202729	8.515324
112.338559	8.518902
> -L"L1tr_DGXuyencap2"
104.542849	20.992653
104.601683	20.947598
104.673303	20.894618
104.756245	20.851128
104.816572	20.828463
104.904444	20.804458
104.976203	20.789613
105.045959	20.766935
105.071098	20.762145
105.114284	20.758236
105.168526	20.761409
105.211463	20.765727
105.276655	20.782638
105.317526	20.803371
105.35086	20.831245
> -L"L1tr_DGXuyencap2"
104.403762	21.063143
104.432346	21.05574
104.460667	21.044349
104.486083	21.032129
104.542	20.993431
> -L"L1tr_DGXuyencap2"
103.561815	21.81736
103.585304	21.776666
103.623874	21.702464
103.651958	21.650999
103.687124	21.596538
103.711931	21.552254
103.756616	21.507353
103.797214	21.486381
103.831352	21.4702
103.876346	21.458195
103.930412	21.436613
103.969612	21.427006
104.010071	21.419791
104.046126	21.398002
104.067845	21.367715
104.094731	21.317218
104.118669	21.278992
104.1359	21.255918
104.160622	21.222748
104.195029	21.167211
104.22957	21.134783
> -L"L1tr_DGXuyencap2"
103.176516	22.582712
103.197749	22.574917
103.240415	22.539588
103.259234	22.516842
103.283454	22.467175
103.305201	22.40854
103.33008	22.357078
103.350314	22.321172
103.372424	22.29005
103.400442	22.245165
103.438916	22.180532
103.456574	22.145825
103.466002	22.100957
103.46712	22.053705
103.474524	22.035249
> -L"L1tr_DGXuyencap2"
105.090129	20.75771
105.132605	20.689838
105.186224	20.624226
105.240962	20.562892
105.274476	20.527372
105.311342	20.491834
105.359384	20.459448
105.391844	20.444992
105.443187	20.423653
105.49682	20.399802
105.529321	20.381608
105.585977	20.352652
105.615919	20.331573
105.646508	20.307495
105.700161	20.257345
105.744848	20.217481
105.817386	20.149275
105.874441	20.101126
105.931421	20.059054
> -L"L1tr_DGXuyencap2"
104.569269	8.307094
104.710846	8.390108
104.781948	8.428677
104.922023	8.50609
105.069009	8.591903
105.180525	8.663435
105.816296	9.12502
> -L"L1tr_DGXuyencap2"
105.871316	23.250455
105.893068	23.205235
105.897303	23.225228
> -L"L1tr_DGXuyencap2"
105.857396	23.198393
105.834478	23.243612
105.830016	23.22362
> -L"L1tr_DGXuyencap2"
103.569365	22.411855
103.605296	22.375849
103.601863	22.400548
> -L"L1tr_DGXuyencap2"
103.04602	22.111325
102.999768	22.142698
103.010387	22.119915
> -L"L1tr_DGXuyencap2"
104.260681	21.867856
104.290544	21.844081
104.28769	21.86039
> -L"L1tr_DGXuyencap2"
104.939251	21.254799
104.892743	21.293232
104.897087	21.279874
> -L"L1tr_DGXuyencap2"
105.814268	21.659736
105.879695	21.638741
105.870153	21.656408
> -L"L1tr_DGXuyencap2"
105.871473	21.612031
105.798073	21.633517
105.80878	21.615437
> -L"L1tr_DGXuyencap2"
106.584948	21.616764
106.617664	21.657488
106.615443	21.639121
> -L"L1tr_DGXuyencap2"
106.753423	21.125436
106.806598	21.115089
106.798843	21.123796
> -L"L1tr_DGXuyencap2"
106.083257	17.30111
106.064855	17.312959
106.067539	17.29717
> -L"L1tr_DGXuyencap2"
106.105771	17.286614
106.095796	17.293036
> -L"L1tr_DGXuyencap2"
107.336786	10.149287
107.380196	10.180646
107.377246	10.165192
> -L"L1tr_DGXuyencap2"
106.709711	11.207845
106.698401	11.222933
106.727703	11.244057
106.739591	11.228761
> -L"L1tr_DGXuyencap2"
103.482896	21.985118
103.466481	21.965181
103.491103	21.958523
> -L"L1tr_DGXuyencap2"
102.821884	21.023299
102.756087	20.872905
102.701954	20.759827
102.655552	20.662387
102.588573	20.531283
102.552564	20.47237
102.483149	20.365383
102.406115	20.26566
102.32392	20.153905
102.239266	20.061445
> -L"L1tr_DGXuyencap2"
102.973357	19.963365
102.95572	19.963943
102.956461	19.934996
102.972898	19.934547
> -L"L1tr_DGXuyencap2"
102.993554	21.179142
102.977194	21.178188
102.977194	21.149105
102.993988	21.1492
> -L"L1tr_DGXuyencap2"
103.54317	21.842779
103.52932	21.82287
103.554456	21.816708
> -L"L1tr_DGXuyencap2"
102.165053	19.94129
102.182458	19.932023
> -L"L1tr_DGXuyencap2"
102.009651	19.692239
102.023326	19.68413
> -L"L1tr_DGXuyencap2"
104.356843	21.07897
104.364303	21.092977
> -L"L1tr_DGXuyencap2"
107.002251	21.659622
107.038961	21.614203
107.041545	21.631023
> -L"L1tr_DGXuyencap2"
108.730378	13.682712
108.733431	13.64003
108.746094	13.590614
108.763949	13.536122
108.784763	13.48382
> -L"L1tr_DGXuyencap2"
108.76008	14.22932
108.776107	14.22932
108.776908	14.25529
108.760881	14.255909
108.76008	14.22932
> -L"L1tr_DGXuyencap2"
108.758255	14.599778
108.770593	14.60127
108.769167	14.624544
108.75486	14.624066
108.758255	14.599778
> -L"L1tr_DGXuyencap2"
108.890032	13.267396
108.898419	13.287073
108.876712	13.285153
108.890032	13.267396
> -L"L1tr_DGXuyencap2"
108.830355	13.371907
108.839219	13.390738
108.82018	13.390756
108.830355	13.371907
> -L"L1tr_DGXuyencap2"
108.725733	13.798298
108.738442	13.798298
108.739077	13.824033
108.726368	13.824646
108.725733	13.798298
> -L"L1tr_DGXuyencap2"
105.604471	22.863149
105.590077	22.883923
105.581338	22.865517
105.604471	22.863149
> -L"L1tr_DGXuyencap2"
105.732473	22.642247
105.718628	22.664486
105.708312	22.64367
105.732473	22.642247
> -L"L1tr_DGXuyencap2"
103.005545	22.390426
102.990951	22.408292
102.97982	22.389256
103.005545	22.390426
> -L"L1tr_DGXuyencap2"
102.79883	22.399535
102.791409	22.419713
102.773681	22.405246
102.79883	22.399535
> -L"L1tr_DGXuyencap2"
102.562824	22.524993
102.564807	22.545369
102.563742	22.545757
102.541644	22.542064
102.562824	22.524993
> -L"L1tr_DGXuyencap2"
103.444505	21.019485
103.438461	21.04624
103.414285	21.028403
103.444505	21.019485
> -L"L1tr_DGXuyencap2"
104.579876	21.210815
104.578337	21.2361
104.55474	21.222265
104.579876	21.210815
> -L"L1tr_DGXuyencap2"
104.355709	21.269019
104.346476	21.292397
104.328522	21.275699
104.355709	21.269019
> -L"L1tr_DGXuyencap2"
104.971144	21.22276
105.001473	21.201702
105.012536	21.214911
104.983481	21.237597
104.971144	21.22276
> -L"L1tr_DGXuyencap2"
105.964316	21.606202
105.956091	21.630099
105.936556	21.613371
105.964316	21.606202
> -L"L1tr_DGXuyencap2"
106.207277	21.499598
106.203869	21.523617
106.179194	21.51367
106.207277	21.499598
> -L"L1tr_DGXuyencap2"
106.626826	21.109679
106.612037	21.131439
106.598673	21.110599
106.626826	21.109679
> -L"L1tr_DGXuyencap2"
107.064158	21.110465
107.050535	21.130019
107.036141	21.112967
107.064158	21.110465
> -L"L1tr_DGXuyencap2"
106.681025	21.731104
106.699251	21.749436
106.67453	21.751418
106.681025	21.731104
> -L"L1tr_DGXuyencap2"
106.677697	17.098615
106.681869	17.116256
106.649737	17.128943
106.645238	17.110704
106.677697	17.098615
> -L"L1tr_DGXuyencap2"
107.71676	15.106467
107.737322	15.105967
107.736808	15.141529
107.71676	15.142031
107.71676	15.106467
> -L"L1tr_DGXuyencap2"
107.740408	14.537451
107.756858	14.545465
107.740922	14.578023
107.724986	14.570009
107.740408	14.537451
> -L"L1tr_DGXuyencap2"
107.150271	11.535263
107.179495	11.56063
107.166723	11.57399
107.136907	11.549345
107.150271	11.535263
> -L"L1tr_DGXuyencap2"
105.42609	23.007245
105.445624	23.019052
105.42095	23.02791
105.42609	23.007245
> -L"L1tr_DGXuyencap2"
102.477202	22.585637
102.477272	22.605612
102.456655	22.597913
102.477202	22.585637
> -L"L1tr_DGXuyencap2"
101.826399	23.174238
101.946948	23.123437
102.001164	23.09841
102.102287	23.053418
102.161925	23.03155
102.226754	23.019461
102.334368	22.996462
102.378452	22.987997
102.460136	22.971056
102.528854	22.956532
102.607943	22.937142
102.658505	22.916478
102.725918	22.882412
102.824442	22.826425
102.913894	22.778968
102.984066	22.732479
103.070338	22.664349
> -L"L1tr_DGXuyencap2"
102.973067	19.994278
103.336268	19.737742
103.668077	19.58306
103.953394	19.459743
104.065714	19.423228
104.162702	19.395113
104.189991	19.3857
104.226698	19.368528
104.254492	19.355526
104.32857	19.328887
104.395466	19.299882
104.439663	19.279778
104.485039	19.252826
104.529211	19.22243
104.590989	19.192927
104.641623	19.172329
104.705942	19.147868
104.749041	19.130018
104.794001	19.118775
104.847127	19.101754
104.914562	19.082933
104.953382	19.069667
104.996293	19.056446
105.033078	19.047069
105.078019	19.028003
105.127069	19.016805
105.165904	19.009406
105.210864	18.998162
105.251754	18.994697
105.311024	18.981654
105.3907	18.951234
105.478566	18.924813
105.617507	18.879394
105.715564	18.839396
105.770725	18.818486
105.958949	18.714757
106.189692	18.554229
106.407961	18.387593
106.616341	18.223927
106.846249	17.931712
> -L"L1tr_DGXuyencap2"
111.007555	23.430318
110.947453	23.362779
110.756964	23.160342
110.530918	22.872718
110.191742	22.586
109.965643	22.370735
109.831427	22.20078
109.654774	22.0509
109.473754	21.902929
109.43721	21.884111
109.368181	21.847501
109.283102	21.801502
109.206932	21.758314
109.147786	21.724515
109.084651	21.688839
108.991229	21.64032
108.992591	21.6413
> -L"L1tr_DGXuyencap2"
108.990664	21.640027
108.991229	21.64032
108.946033	21.607817
108.874243	21.560627
108.815095	21.518457
108.736859	21.477309
108.560312	21.376471
108.497243	21.341593
108.422803	21.301706
108.35592	21.266787
108.252399	21.215597
108.194344	21.185659
108.138904	21.15086
108.079756	21.108691
108.019373	21.064064
107.95523	21.015733
107.84571	20.94004
107.773902	20.894071
107.718497	20.856829
107.666835	20.824514
107.622658	20.802054
107.540536	20.765753
107.433183	20.715744
107.378261	20.687209
107.173405	20.584994
107.082213	20.549195
107.0342	20.530347
106.964226	20.506474
> -L"L1tr_DGXuyencap2"
102.474776	22.004764
102.454451	21.890173
102.425915	21.738753
102.401833	21.566848
102.377715	21.399037
102.353119	21.284458
102.344909	21.247629
102.333051	21.141203
102.325029	21.097573
> -L"L1tr_DGXuyencap2"
102.499641	8.352355
102.75285	8.043624
103.164258	7.710816
103.460773	7.502362
103.561791	7.413376
103.640934	7.341477
103.701738	7.291319
103.784552	7.214841
103.853899	7.155538
103.917139	7.103097
103.973121	7.054043
104.042765	7.004809
> -L"L1tr_DGXuyencap2"
107.214145	13.672183
107.400146	13.522405
107.517898	13.438637
107.66465	13.319461
107.85065	13.168075
107.924033	13.118132
108.012773	13.053697
108.068193	13.016138
> -L"L1tr_DGXuyencap2"
105.34006	22.481217
105.288853	22.530758
105.297546	22.506005
> -L"L1tr_DGXuyencap2"
103.25873	22.04459
103.275458	22.045303
103.278736	22.015584
103.260782	22.013682
> -L"L1tr_DGXuyencap2"
103.243854	22.248641
103.262321	22.250546
103.266938	22.219592
103.248471	22.217211
> -L"L1tr_DGXuyencap2"
102.436529	22.205351
102.382761	22.251588
102.38887	22.227419
> -L"L1tr_DGXuyencap2"
103.915549	21.598172
103.874437	21.638233
103.881321	21.617781
> -L"L1tr_DGXuyencap2"
107.554346	11.77774
107.597383	11.809044
107.594458	11.793617
> -L"L1tr_DGXuyencap2"
106.871132	11.334992
106.83127	11.304623
106.833979	11.31959
> -L"L1tr_DGXuyencap2"
108.75788	13.018567
108.725606	13.058506
108.728764	13.041515
> -L"L1tr_DGXuyencap2"
101.903336	19.499901
101.937213	19.565904
102.038089	19.745779
102.239266	20.061445
> -L"L1tr_DGXuyencap2"
103.741501	21.509464
103.700389	21.549525
103.707273	21.529073
> -L"L1tr_DGXuyencap2"
104.135551	21.258719
104.145499	21.268057
> -L"L1tr_DGXuyencap2"
106.032393	21.192395
106.148236	21.126384
106.223888	21.095578
106.294812	21.066974
106.377557	21.036169
106.439025	21.016365
106.509949	20.998762
106.576145	20.976759
106.691988	20.950354
106.831474	20.917349
106.933132	20.904147
106.959136	20.906347
> -L"L1tr_DGXuyencap2"
105.197941	22.624859
105.207697	22.63571
105.184977	22.654724
105.175555	22.645177
105.197941	22.624859
> -L"L1tr_DGXuyencap2"
104.162321	21.408329
104.168989	21.434091
104.141802	21.429798
104.162321	21.408329
> -L"L1tr_DGXuyencap2"
104.003301	21.54573
104.007405	21.571015
103.981944	21.564944
104.003301	21.54573
> -L"L1tr_DGXuyencap2"
103.860696	21.706508
103.870443	21.729885
103.844281	21.729885
103.860696	21.706508
> -L"L1tr_DGXuyencap2"
105.196304	21.038048
105.22355	21.012616
105.237429	21.026051
105.210232	21.050967
105.196304	21.038048
> -L"L1tr_DGXuyencap2"
104.772751	20.983722
104.785063	21.009007
104.756777	21.006803
104.772751	20.983722
> -L"L1tr_DGXuyencap2"
102.343938	21.918457
102.415351	21.971929
102.474776	22.004764
102.595853	22.094041
> -L"L1tr_DGXuyencap2"
101.851045	21.945469
101.865784	21.899239
101.89426	21.828658
101.908496	21.718376
101.917021	21.615171
> -L"L1tr_DGXuyencap2"
106.607441	18.000827
106.501364	18.003548
106.453075	17.998697
106.367258	18.018576
106.309456	18.042498
106.25324	18.078865
106.142434	18.137566
106.094255	18.16451
106.055711	18.186688
106.028421	18.19474
105.986668	18.21695
105.919236	18.242523
105.864643	18.266414
105.830906	18.293218
105.730724	18.35
105.65366	18.400477
105.610311	18.434893
105.556212	18.496797
105.43296	18.589899
105.314907	18.672825
105.260721	18.708577
105.220848	18.734666
105.160527	18.778148
105.121677	18.805203
105.074647	18.83709
105.014326	18.87574
104.987744	18.894099
104.941737	18.925019
104.901446	18.946877
104.85039	18.973698
104.803404	18.992742
104.752362	19.02543
104.723795	19.050541
104.695228	19.075653
104.666647	19.094897
104.644191	19.110297
104.563768	19.172487
104.516079	19.231436
> -L"L1tr_DGXuyencap2"
112.024224	23.388404
111.914257	23.287778
111.602729	23.0223
111.334619	22.865112
111.109497	22.747259
110.980723	22.658806
110.840893	22.511266
110.711748	22.363709
110.603726	22.176717
110.48539	22.048844
110.377738	21.920955
110.291271	21.76348
110.130134	21.625825
109.733312	21.390034
109.508189	21.272181
109.368792	21.193595
109.186224	21.046123
108.97092	20.790344
108.873768	20.632887
108.766055	20.495147
108.615541	20.347624
108.454465	20.219819
108.240027	20.101949
107.950734	19.974346
107.779035	19.856409
107.614734	19.745599
107.46086	19.617819
> -L"L1tr_DGXuyencap2"
108.034485	13.020052
107.997396	13.046259
107.999917	13.033343
> -L"L1tr_DGXuyencap2"
106.849034	11.280815
106.892071	11.312119
106.889146	11.296692
> -L"L1tr_DGXuyencap2"
103.908806	21.66187
103.938161	21.627213
103.936488	21.640654
> -L"L1tr_DGXuyencap2"
102.278469	22.674902
102.277978	22.694829
102.258343	22.68396
102.278469	22.674902
> -L"L1tr_DGXuyencap2"
107.29707	21.207017
107.315793	21.236588
107.288033	21.235168
107.29707	21.207017
> -L"L1tr_DGXuyencap2"
107.425992	21.307601
107.437521	21.322275
107.404785	21.344625
107.393146	21.32913
107.425992	21.307601
> -L"L1tr_DGXuyencap2"
107.310287	23.532494
107.448047	23.407579
107.732417	23.161363
108.012809	22.968554
108.216972	22.824799
> -L"L1tr_DGXuyencap2"
107.732158	21.540612
107.786286	21.569877
107.780448	21.554064
> -L"L1tr_DGXuyencap2"
105.878497	17.975246
105.825997	18.017339
105.830154	17.998402
> -L"L1tr_DGXuyencap2"
104.727845	18.675294
104.709443	18.687143
104.712127	18.671354
> -L"L1tr_DGXuyencap2"
104.750359	18.660798
104.740384	18.66722
> -L"L1tr_DGXuyencap2"
107.509087	21.417047
107.535325	21.433256
107.508575	21.441203
107.509087	21.417047
> -L"L1tr_DGXuyencap2"
105.691863	18.376269
105.704201	18.392273
105.669243	18.416035
105.656582	18.399335
105.691863	18.376269
> -L"L1tr_DGXuyencap2"
106.215672	11.423443
106.17483	11.482037
106.177605	11.45316
> -L"L1tr_DGXuyencap2"
106.245875	11.377174
106.265017	11.357708
106.274566	11.369055
106.255071	11.389132
106.245875	11.377174
> -L"L1tr_DGXuyencap2"
106.751821	10.794384
106.775983	10.771248
106.788835	10.783822
106.765701	10.80746
106.751821	10.794384
> -L"L1tr_DGXuyencap2"
106.993215	10.455861
107.019443	10.42422
107.033394	10.441416
107.008283	10.473743
106.993215	10.455861
> -L"L1tr_DGXuyencap2"
106.191224	11.497065
106.228113	11.441049
106.225606	11.468656
> -L"L1tr_DGXuyencap2"
106.493167	11.074313
106.518141	11.050301
106.530056	11.063693
106.505321	11.089922
106.493167	11.074313
> -L"L1tr_DGXuyencap2"
105.965102	11.782414
106.240816	11.411094
106.300861	11.346147
106.390357	11.238243
106.454984	11.160323
106.529838	11.06767
106.579841	11.011784
106.629843	10.95884
106.721704	10.863962
106.81283	10.752148
106.87363	10.677545
106.962214	10.555878
107.062219	10.391163
107.212227	10.126443
> -L"L1tr_DGXuyencap2"
105.815094	11.50887
106.047459	11.235326
106.120993	11.144144
106.194526	11.055904
106.273942	10.938251
106.347475	10.823539
106.391595	10.752947
106.462187	10.647059
106.568075	10.514699
106.629843	10.435283
106.806323	10.199976
107.003393	9.961728
> -L"L1tr_DGXuyencap2"
106.372791	10.762177
106.331949	10.820771
106.334724	10.791894
> -L"L1tr_DGXuyencap2"
106.249974	10.934956
106.274948	10.910944
106.286863	10.924336
106.262128	10.950565
106.249974	10.934956
> -L"L1tr_DGXuyencap2"
106.469006	10.601742
106.493168	10.578606
106.50602	10.59118
106.482886	10.614818
106.469006	10.601742
> -L"L1tr_DGXuyencap2"
106.356541	10.827602
106.39343	10.771586
106.390923	10.799193
> -L"L1tr_DGXuyencap2"
106.820133	10.145414
106.844295	10.122278
106.857147	10.134852
106.834013	10.15849
106.820133	10.145414
> -L"L1tr_DGXuyencap2"
106.610664	11.607733
106.622961	11.605
106.622961	11.63779
106.609298	11.63779
106.610664	11.607733
> -L"L1tr_DGXuyencap2"
106.594547	11.970659
106.617282	11.4441
106.624334	11.349846
106.638618	11.158933
106.647364	10.957087
> -L"L1tr_DGXuyencap2"
106.62296	11.367272
106.635257	11.364539
106.635257	11.397329
106.621594	11.397329
106.62296	11.367272
> -L"L1tr_DGXuyencap2"
106.64482	11.018877
106.657117	11.016144
106.657117	11.048934
106.643454	11.048934
106.64482	11.018877
> -L"L1tr_DGXuyencap2"
106.715135	10.873445
106.720762	10.623522
106.723474	10.503055
106.735731	10.294099
> -L"L1tr_DGXuyencap2"
106.72133	10.592606
106.733627	10.589873
106.733627	10.622663
106.719964	10.622663
106.72133	10.592606
> -L"L1tr_DGXuyencap2"
106.785734	10.232331
106.814947	10.061712
106.82955	9.925767
106.841619	9.829368
> -L"L1tr_DGXuyencap2"
106.823116	9.976426
106.835413	9.973693
106.835413	10.006483
106.82175	10.006483
106.823116	9.976426
