2010	1	2	19	3	32.3	22.960	102.184	6.1	3.2
2010	1	6	23	27	19	22.724	102.604	17.0	3.4
2010	6	22	15	54	54	21.280	101.790	10.0	3.4
2010	9	6	4	13	10.7	20.042	102.214	10.0	3.4
2010	9	19	8	58	15.3	20.138	104.66	9.4	4.5
2010	10	10	20	46	33.6	20.634	102.173	12.8	3.3
2010	10	19	20	21	49.9	19.109	105.129	10	4.1
2011	2	5	15	31	28.5	22.300	103.100	10.0	3.0
2011	2	24	20	4	21.4	20.807	103.296	10.0	3.3
2011	3	17	18	10	56.4	22.801	104.165	12.6	3.1
2011	3	27	3	43	51	23.439	104.123	10.0	3.3
2011	4	28	2	1	53.2	21.883	103.531	32.9	3.3
2011	5	7	13	1	56.7	20.782	103.131	11.5	3.9
2011	5	21	20	31	17.6	22.824	103.721	1.7	4.2
2011	5	24	0	3	0.8	22.789	103.865	10.0	3.1
2011	6	29	8	26	38.2	20.869	103.272	21.3	3.4
2011	8	3	6	6	21	21.638	103.628	10.0	3.2
2011	10	12	4	32	16.5	23.010	104.245	10.0	3.3
2011	11	2	11	33	19	21.843	101.260	10.0	3.2
2011	11	6	23	25	56.1	20.047	105.627	4.2	3.1
2012	1	21	11	53	3	18.055	105.145	10.0	3.3
2012	1	21	11	54	0	18.055	105.145	10.0	3.3
2012	2	26	20	41	9.5	19.385	103.867	0.0	3.5
2012	5	8	18	50	46	20.448	102.319	6.1	3.7
2012	9	4	15	8	26	17.186	105.861	10.0	3.3
2012	9	11	8	59	47.6	19.901	107.859	10.0	3.0
2012	9	29	12	56	32	17.180	104.113	7.9	3.0
2012	9	29	15	46	7	17.357	105.660	8.0	3.0
2012	10	3	3	18	42	20.978	106.995	7.2	4.4
2012	11	7	18	42	5.4	20.988	106.913	10.0	3.7
2012	11	22	20	31	25	18.215	104.303	10.0	3.4
2012	11	30	9	40	18	18.729	104.749	7.0	3.3
2013	3	19	3	47	7	23.134	101.081	16.0	3.3
2013	7	26	2	23	11	21.077	102.611	11.5	3.3
2013	10	21	15	10	3.8	20.901	103.786	4.8	3.7
2014	1	11	5	56	7.3	20.929	103.803	0.0	3.2
2014	2	9	11	36	58.1	21.455	103.245	0.0	3.1
2014	3	7	8	0	21	21.523	103.954	1.9	3.1
2014	3	31	3	8	40.2	22.483	102.333	10.0	3.2
2014	5	20	6	7	2.2	21.373	102.979	7.4	3.0
2014	6	6	21	14	26.7	20.863	103.399	10.0	3.1
2014	6	26	12	44	11.3	21.299	102.887	8.8	4.0
2014	6	29	4	51	12.8	22.648	102.310	9.7	3.9
2014	7	19	12	14	56.4	21.555	104.018	10.0	4.4
2014	7	19	14	42	16.6	21.598	103.980	3.6	3.2
2014	7	22	11	11	39.8	21.125	104.845	30.1	3.4
2014	8	10	21	41	33.7	21.528	103.995	0.0	3.1
2014	8	19	23	50	17.5	21.602	103.973	0.0	4.1
2014	11	18	18	42	19.3	22.920	102.129	0.8	3.5
2015	6	29	1	12	28.7	20.309	102.349	0.0	4.0
2015	7	1	20	0	28.2	23.972	102.832	10.0	3.5
2015	7	3	10	31	46.2	23.124	103.446	8.5	3.9
2015	7	27	19	18	45.1	23.296	103.261	0.4	3.3
2015	8	13	15	57	39.8	23.299	103.770	10.0	3.5
2015	9	12	17	12	30	23.009	103.595	8.7	3.1
2015	9	13	9	43	45	23.037	103.581	15.7	3.9
2015	9	19	10	21	1.5	21.136	103.655	11.5	3.1
2015	9	24	1	39	25.5	21.617	103.558	16.1	3.1
2015	10	7	15	14	33.4	20.962	104.883	13.8	3.2
2015	11	2	18	43	31	22.900	101.993	8.1	4.2
2015	12	14	8	4	48.7	22.588	102.410	15.4	3.3
2015	12	28	6	29	3.9	21.791	103.527	16.1	3.6
2016	2	13	17	29	35.6	23.133	102.000	0.0	3.1
2016	3	7	1	24	44.1	22.500	102.050	10.0	4.2
2016	8	3	6	34	22.9	22.043	103.391	4.6	3.3
2016	8	26	15	23	19.5	20.768	103.324	0.0	3.0
2016	10	4	10	50	37.8	23.308	102.427	10.0	3.1
2016	10	14	21	33	58	22.579	101.539	17.0	3.3
2016	10	21	13	4	41.9	23.294	102.893	0.2	3.2
2016	10	28	23	26	11.2	23.234	102.878	10.0	3.1
2016	11	21	22	15	0.2	22.888	102.360	0.0	3.1
2016	12	16	1	9	42.4	21.878	103.144	9.4	3.1
2017	1	13	22	49	53.7	22.787	102.250	10.0	3.0
2017	3	4	5	42	10	20.526	101.316	10.0	3.2
2017	4	1	16	4	30.4	23.445	106.379	0.0	3.0
2017	4	25	17	3	1	23.526	101.893	1.0	3.0
2017	5	16	8	5	49.4	21.755	102.906	17.1	3.0
2017	5	19	5	28	26.8	20.172	107.387	17.1	3.3
2017	8	24	7	37	47.4	21.417	103.304	0.0	3.2
2017	12	25	8	1	56.9	21.486	102.967	10.7	3.3
2018	1	7	20	14	18.9	21.390	103.256	20.5	4.0
2018	1	8	23	21	21.9	21.411	103.280	14.2	4.3
2018	1	9	13	31	1.6	22.060	102.262	18.2	3.5
2018	1	13	4	50	25.4	21.397	103.287	10.0	3.0
2018	2	2	3	53	10.5	22.046	102.271	20.9	3.4
2018	2	2	21	32	16.3	23.141	102.059	10.0	3.0
2018	2	9	12	49	39.1	21.392	103.298	11.9	3.9
2018	2	9	14	58	6	22.381	100.737	28.0	5.0
2018	2	28	17	23	37	23.123	103.056	12.5	3.1
2018	5	4	0	19	2	22.469	101.380	20.0	4.3
2018	6	8	20	20	19.3	23.171	102.446	8.2	3.4
2018	6	19	1	24	2.7	23.007	103.946	19.1	3.2
2018	6	19	1	24	3.7	23.045	103.923	16.6	3.3
2018	7	3	14	20	24	23.353	103.832	19.3	3.2
2018	7	29	7	43	0	23.832	103.917	8.2	3.5
2018	7	30	6	0	9	24.186	104.179	10.0	3.5
2018	8	12	17	44	23	24.304	102.597	27.0	5.1
2018	8	13	19	50	35	24.192	102.676	14.0	5.0
2018	8	20	20	59	12.7	21.263	103.709	8.1	3.4
2018	9	7	5	42	59.2	22.624	102.270	10.0	3.8
2018	9	8	2	31	30	23.195	101.607	13.0	5.9
2018	9	19	15	8	28	23.225	105.850	29.2	3.3
2018	10	8	14	1	25	23.940	101.790	23.0	3.9
2018	10	12	18	4	43	22.181	101.497	10.0	3.2
2018	11	6	10	19	41.7	21.184	103.014	8.1	3.5
2018	12	27	7	30	4.2	22.705	102.040	20.8	4.2
2018	12	27	7	30	5.7	22.725	102.008	30.0	4.2
2019	1	6	14	46	32	23.310	101.054	4.5	3.7
2019	1	9	6	57	50	23.271	101.574	0.0	3.3
2019	1	9	14	13	9	21.309	101.694	7.1	3.5
2019	1	9	15	21	35	21.275	101.651	0.0	3.5
2019	1	10	9	8	11	21.298	101.636	2.8	3.8
2019	1	10	12	0	52	21.299	101.615	0.0	4.3
2019	1	12	9	48	5	21.483	104.033	3.3	3.0
2019	1	14	16	1	11	21.290	101.733	8.1	3.3
2019	1	15	18	26	54	21.274	101.721	7.9	3.7
2019	1	17	5	36	31.9	23.045	104.173	9.4	3.7
2019	1	28	8	11	36.3	20.929	107.434	16.7	3.0
2019	2	12	14	49	55	22.930	101.347	4.1	4.2
2019	2	13	9	29	36.6	23.404	102.12	17.1	3.6
2019	2	17	7	21	58	21.302	101.801	5.8	3.3
2019	2	17	8	37	27	21.268	101.65	0.8	3.5
2019	2	23	18	38	44	21.322	101.706	0.0	3.6
2019	3	29	6	3	19.8	23.375	102.308	17.1	3.6
2019	3	31	7	12	42	22.128	101.778	4.8	3.9
2019	4	22	18	22	12	24.006	103.183	17.1	3.7
2019	5	16	16	37	30.9	22.074	102.330	10.3	3.3
2019	5	21	10	49	29.8	21.371	103.315	6.4	4.0
2019	5	22	23	52	4	20.298	104.127	10.0	3.6
2019	5	27	23	31	28	22.928	101.690	2.4	3.4
2019	6	22	10	42	28.9	21.294	103.156	10.0	3.7
2019	7	1	11	16	4.8	21.965	103.473	17.1	3.3
2019	7	14	1	51	35.9	21.978	103.473	10.4	3.5
2019	7	14	15	13	5.3	22.377	106.609	10.0	3.6
2019	7	20	22	51	33	23.302	101.982	0.1	3.8
2019	8	27	9	27	51.8	22.087	102.404	7.3	3.1
2019	8	30	22	24	54	23.384	101.984	0.0	4.3
2019	9	1	7	12	34.3	22.204	108.174	16.2	3.0
2019	9	1	9	11	46.2	22.659	103.378	0.1	3.5
2019	9	22	7	55	46	22.209	101.753	13.6	3.9
2019	10	6	4	34	39.4	21.907	102.774	14.1	3.4
2019	11	3	0	16	26.7	23.168	103.877	17.0	3.3
2019	11	15	11	9	27.5	23.349	103.851	17.1	3.5
2019	11	19	0	44	1.7	23.255	103.887	17.0	3.7
2019	11	20	8	32	54.4	19.207	105.124	0.0	4.1
2019	11	20	8	32	58.1	19.341	105.179	0.0	4.1
2019	11	22	8	8	10	23.188	106.209	9.3	3.2
2019	11	27	21	29	16.5	21.339	103.285	17.4	3.0
2019	11	27	23	49	51.9	22.852	106.610	15.6	4.8
2019	11	28	1	4	22.5	22.876	106.586	13.9	3.0
2019	12	1	10	36	13.2	22.947	106.733	6.6	3.0
2019	12	3	6	11	54	22.934	106.696	5.8	3.1
2019	12	28	3	43	0.8	23.361	103.837	13.2	3.0
2019	12	30	12	45	10	22.521	103.163	2.8	3.1
2020	1	1	4	5	31.9	23.128	103.900	8.7	3.2
2020	1	3	12	40	19.8	23.304	103.862	8.7	3.1
2020	1	22	21	26	27	23.367	102.124	3.3	4.1
2020	2	19	9	27	2.4	22.906	106.725	5.3	3.3
2020	2	28	18	13	2	20.918	101.419	17.0	4.0
2020	3	12	21	17	12.8	23.696	104.259	0.0	3.1
2020	4	10	20	3	6	23.714	101.965	0.0	4.3
2020	5	5	21	55	22.4	22.020	105.254	6.5	3.3
2020	6	15	16	43	16.1	22.539	102.669	2.5	3.4
2020	6	16	6	12	27.7	22.507	102.669	0.1	4.8
2020	6	19	1	9	25.6	22.519	102.693	3.1	3.1
2020	6	22	15	20	35.3	22.549	102.623	0.0	3.3
2020	6	26	19	34	56.8	22.826	102.049	13.5	3.8
2020	7	27	5	14	48.7	20.932	104.701	4.2	5.0
2020	7	27	5	39	56.7	20.944	104.694	1.6	3.0
2020	7	27	8	52	25.5	20.932	104.727	0.0	3.4
2020	7	27	9	17	7.9	20.936	104.710	1.1	3.3
2020	7	27	23	17	21.7	20.922	104.729	0.9	3.4
2020	7	28	1	26	43.9	20.904	104.719	4.9	4.1
2020	7	28	5	1	7	20.912	104.706	7.2	3.1
2020	7	28	11	8	5.2	20.921	104.708	6.8	3.4
2020	7	28	13	28	17.6	20.918	104.715	5.8	3.5
2020	7	31	22	31	13.9	20.917	104.700	10.3	3.7
2020	7	31	22	53	54	23.473	101.652	0.0	4.0
2020	8	3	10	16	4.4	20.912	104.738	6.3	3.4
2020	8	4	15	22	8.2	20.923	104.683	11.3	3.0
2020	8	6	23	29	50.8	20.936	104.689	7.7	3.3
2020	8	7	3	19	22.7	20.925	104.724	2.4	3.1
2020	8	17	1	13	9.3	20.908	104.757	1.0	4.4
2020	8	17	1	25	59.1	20.912	104.710	9.2	4.1
2020	8	17	1	33	42.8	20.914	104.706	8.4	3.2
2020	8	17	1	46	14.3	20.930	104.724	0.0	3.3
2020	8	17	3	21	44.3	20.903	104.733	7.1	3.0
2020	8	17	6	1	9.1	20.908	104.761	0.0	3.2
2020	8	22	4	17	31.4	20.171	105.231	17.1	3.4
2020	9	21	1	25	35.2	20.907	104.721	8.2	3.1
2020	9	24	14	21	24.2	20.928	104.687	6.2	3.0
2020	11	2	19	54	48	23.312	101.697	0.0	3.5
2020	11	11	7	18	30.2	20.963	104.649	2.7	3.0
2020	12	30	19	3	42	22.329	101.908	7.3	3.3
